1532.735,1502.713,80.728
1531.524,1501.394,80.629
1529.545,1499.619,80.562
1527.568,1497.66,80.429
1525.627,1495.727,80.362
1523.69,1493.963,80.229
1521.768,1492.06,80.129
1519.846,1490.249,80.029
1517.806,1488.351,79.929
1515.655,1486.359,79.863
1513.739,1484.631,79.73
1511.789,1482.725,79.663
1509.913,1481.071,79.563
1508.016,1479.154,79.463
1506.162,1477.329,79.363
1503.959,1475.289,79.264
1502.197,1473.767,79.164
1500.298,1471.78,79.064
1497.996,1469.96,78.964
1496.199,1467.931,78.864
1494.202,1465.996,78.731
1492.27,1464.36,78.664
1490.267,1462.453,78.531
1485.984,1458.538,78.331
1483.707,1455.641,78.231
1481.182,1453.69,78.098
1478.728,1451.716,77.932
1476.821,1449.95,77.865
1474.844,1447.905,77.732
1472.831,1446.045,77.665
1470.763,1444.092,77.599
1468.762,1442.006,77.432
1465.992,1439.551,77.366
1463.814,1437.552,77.199
1461.884,1435.81,77.066
1459.878,1433.683,77.0
1457.662,1431.648,76.866
1455.629,1429.885,76.766
1452.947,1427.298,76.667
1450.846,1425.123,76.533
1448.74,1423.309,76.4
1447.232,1421.384,76.334
1445.245,1419.813,76.234
1443.029,1417.853,76.134
1440.403,1415.544,76.034
1438.666,1413.749,75.934
1436.762,1411.821,75.801
1435.159,1409.975,75.734
1433.249,1408.381,75.601
1431.422,1406.626,75.535
1429.987,1405.31,75.435
1428.052,1403.365,75.368
1426.14,1401.887,75.235
1424.409,1400.33,75.168
1422.55,1398.494,75.102
1421.021,1397.235,74.969
1419.536,1395.787,74.902
1417.883,1394.145,74.869
1416.305,1392.718,74.769
1414.542,1390.896,74.702
1413.217,1389.582,74.569
1411.792,1387.796,74.503
1409.849,1385.953,74.403
1407.92,1384.232,74.303
1406.581,1382.978,74.269
1404.516,1381.491,74.17
1403.043,1379.919,74.07
1400.902,1378.148,73.97
1399.335,1376.658,73.903
1397.727,1375.036,73.77
1395.999,1373.628,73.703
1394.601,1372.107,73.67
1393.247,1370.603,73.57
1391.771,1369.405,73.504
1390.141,1367.865,73.437
1388.159,1365.905,73.337
1386.668,1364.348,73.237
1384.605,1362.843,73.137
1383.408,1361.501,73.071
1381.719,1359.887,73.004
1380.28,1358.513,72.904
1378.167,1356.817,72.838
1376.568,1355.004,72.738
1374.982,1353.229,72.638
1373.038,1351.834,72.571
1371.923,1350.104,72.472
1369.467,1348.131,72.372
1368.272,1346.974,72.272
1366.697,1345.818,72.205
1365.336,1344.419,72.105
1363.886,1342.913,72.072
1362.683,1341.607,72.005
1360.915,1340.201,71.906
1358.776,1338.494,71.839
1357.554,1337.056,71.739
1355.976,1335.506,71.673
1354.333,1333.917,71.573
1352.923,1332.707,71.539
1351.373,1331.1,71.439
1350.042,1329.945,71.373
1348.724,1328.541,71.273
1347.283,1327.192,71.206
1345.757,1325.658,71.14
1344.153,1324.052,71.073
1342.604,1322.579,70.973
1341.094,1321.117,70.907
1339.752,1320.083,70.807
1338.411,1318.713,70.74
1336.549,1317.148,70.707
1335.275,1315.789,70.607
1333.917,1313.848,70.541
1331.853,1312.723,70.441
1330.515,1311.201,70.341
1329.042,1309.966,70.241
1327.701,1308.516,70.208
1326.246,1307.076,70.141
1324.562,1305.863,70.074
1323.162,1304.573,69.975
1321.692,1302.692,69.941
1319.885,1301.407,69.808
1318.481,1300.076,69.742
1316.817,1298.62,69.675
1315.596,1297.155,69.608
1314.465,1296.093,69.542
1312.515,1294.114,69.475
1311.092,1292.688,69.342
1309.438,1291.329,69.309
1308.376,1290.101,69.242
1306.867,1288.783,69.142
1305.391,1287.516,69.109
1303.682,1285.623,69.042
1302.078,1284.31,68.909
1300.784,1282.901,68.843
1299.191,1281.604,68.743
1297.848,1280.1,68.709
1296.553,1279.007,68.643
1294.616,1277.368,68.543
1293.312,1276.032,68.476
1292.065,1274.81,68.41
1288.975,1272.085,68.243
1287.896,1270.549,68.143
1286.36,1269.317,68.077
1284.56,1267.56,68.01
1283.347,1266.369,67.944
1282.048,1265.099,67.877
1280.651,1263.803,67.81
1279.446,1262.521,67.744
1277.591,1260.829,67.677
1275.918,1259.23,67.577
1274.487,1257.75,67.478
1272.882,1256.458,67.411
1271.812,1255.07,67.311
1270.354,1253.737,67.244
1268.525,1252.423,67.178
1267.671,1251.325,67.111
1265.979,1250.312,67.045
1264.846,1248.758,67.011
1263.757,1247.533,66.912
1262.304,1246.434,66.878
1260.491,1244.559,66.778
1258.826,1243.787,66.679
1258.021,1242.157,66.645
1256.466,1240.721,66.545
1254.802,1239.609,66.479
1253.66,1238.306,66.412
1252.408,1236.976,66.346
1250.511,1235.728,66.246
1249.633,1234.19,66.212
1248.097,1232.851,66.146
1246.549,1231.509,66.046
1245.158,1230.049,65.979
1243.652,1228.673,65.913
1242.332,1227.457,65.813
1241.112,1226.436,65.78
1239.711,1225.229,65.713
1238.56,1223.52,65.613
1236.723,1222.642,65.547
1235.882,1221.102,65.513
1234.271,1219.871,65.413
1233.034,1218.621,65.347
1231.463,1217.413,65.247
1230.451,1216.052,65.214
1228.869,1214.885,65.147
1227.565,1213.494,65.08
1226.249,1212.179,64.981
1224.912,1210.8,64.947
1223.767,1209.811,64.881
1222.462,1208.354,64.781
1220.979,1206.89,64.714
1219.778,1205.9,64.681
1218.5,1204.698,64.614
1217.075,1203.569,64.548
1213.4,1199.998,64.348
1212.181,1198.659,64.281
1210.822,1197.786,64.181
1209.549,1196.284,64.148
1208.218,1195.084,64.082
1206.901,1193.345,64.048
1205.318,1192.25,63.915
1204.129,1191.167,63.882
1202.939,1189.701,63.782
1201.601,1188.763,63.715
1200.433,1187.602,63.682
1199.26,1186.337,63.582
1197.808,1184.951,63.516
1196.492,1183.799,63.482
1195.316,1182.608,63.416
1194.035,1181.474,63.316
1192.733,1180.231,63.283
1191.391,1178.769,63.216
1190.102,1177.662,63.116
1189.004,1176.571,63.083
1187.84,1175.368,63.049
1186.715,1174.347,62.95
1185.551,1173.363,62.883
1184.31,1172.099,62.85
1183.176,1171.104,62.816
1181.784,1169.524,62.717
1180.509,1168.425,62.65
1179.2,1167.442,62.583
1177.822,1166.225,62.517
1176.542,1164.806,62.45
1175.194,1163.76,62.384
1173.897,1162.389,62.284
1172.823,1161.425,62.25
1171.39,1160.245,62.184
1170.293,1159.069,62.117
1169.099,1157.552,62.084
1167.737,1156.487,61.984
1166.526,1155.439,61.918
1165.25,1154.297,61.884
1164.028,1153.086,61.818
1162.933,1152.02,61.784
1161.742,1150.692,61.684
1160.541,1149.233,61.618
1159.338,1148.355,61.585
1158.126,1147.184,61.485
1156.867,1146.151,61.418
1155.468,1144.905,61.385
1154.39,1143.622,61.285
1153.269,1142.667,61.252
1152.107,1141.672,61.185
1151.059,1140.745,61.152
1149.79,1139.445,61.085
1148.651,1138.562,61.019
1147.526,1136.897,60.985
1146.085,1135.874,60.919
1144.883,1134.908,60.819
1143.803,1133.625,60.786
1142.589,1132.77,60.719
1141.232,1131.347,60.619
1140.196,1130.357,60.586
1139.16,1129.36,60.519
1138.018,1128.321,60.453
1136.982,1127.247,60.419
1135.708,1126.125,60.353
1134.612,1124.898,60.319
1133.513,1123.701,60.22
1132.22,1122.691,60.186
1131.08,1121.692,60.12
1129.948,1120.528,60.02
1128.839,1119.585,59.986
1127.786,1118.448,59.953
1126.626,1117.012,59.887
1125.438,1115.955,59.82
1124.203,1115.054,59.753
1123.08,1114.16,59.72
1121.921,1112.861,59.62
1120.86,1111.873,59.587
1119.815,1110.788,59.554
1118.464,1109.613,59.487
1117.358,1108.634,59.387
1116.322,1107.638,59.354
1115.104,1106.518,59.321
1114.035,1105.42,59.254
1112.967,1104.407,59.187
1111.705,1103.203,59.121
1110.571,1102.212,59.088
1109.583,1101.262,58.988
1108.513,1100.089,58.954
1107.483,1099.171,58.888
1106.517,1097.97,58.854
1105.172,1096.84,58.755
1104.071,1095.9,58.721
1103.108,1095.014,58.688
1101.994,1093.989,58.588
1101.01,1092.9,58.555
1100.027,1091.634,58.488
1098.705,1090.523,58.455
1097.585,1089.622,58.355
1096.516,1088.519,58.322
1095.414,1087.517,58.255
1094.509,1086.48,58.222
1093.516,1085.314,58.155
1092.279,1084.471,58.089
1091.363,1083.257,58.055
1090.237,1082.356,58.022
1089.28,1081.229,57.922
1088.321,1080.52,57.889
1087.361,1079.7,57.856
1086.401,1078.839,57.822
1085.345,1077.8,57.723
1084.358,1076.752,57.689
1083.364,1076.001,57.656
1082.411,1074.895,57.623
1081.529,1074.161,57.523
1080.52,1072.938,57.489
1079.341,1072.045,57.456
1078.254,1070.982,57.39
1077.117,1070.067,57.323
1076.135,1069.069,57.256
1075.198,1068.164,57.223
1074.218,1067.039,57.19
1072.995,1066.264,57.123
1071.935,1065.173,57.057
1070.939,1064.251,57.023
1070.038,1063.461,56.99
1069.083,1062.481,56.89
1068.166,1061.574,56.857
1067.205,1060.63,56.824
1065.897,1059.547,56.79
1064.792,1058.227,56.69
1063.86,1057.423,56.657
1062.999,1056.472,56.591
1061.908,1055.626,56.557
1061.067,1054.694,56.491
1059.771,1053.546,56.424
1058.746,1052.524,56.391
1057.81,1051.642,56.291
1056.856,1050.639,56.291
1055.842,1049.646,56.224
1054.883,1048.714,56.191
1053.593,1047.501,56.158
1052.598,1046.648,56.058
1051.665,1045.708,56.025
1050.725,1044.935,55.958
1049.747,1044.021,55.925
1048.699,1043.156,55.858
1047.531,1042.054,55.825
1046.482,1041.007,55.758
1045.656,1040.271,55.725
1044.747,1039.198,55.658
1043.889,1038.258,55.625
1042.956,1037.478,55.558
1042.08,1036.788,55.525
1041.157,1035.823,55.459
1040.205,1035.021,55.425
1039.343,1033.966,55.392
1038.417,1033.16,55.359
1037.509,1032.301,55.259
1036.3,1030.954,55.225
1035.301,1030.163,55.192
1034.365,1029.241,55.159
1033.41,1028.455,55.092
1032.439,1027.549,55.026
1031.543,1026.678,54.992
1030.437,1025.575,54.926
1029.507,1024.814,54.893
1028.601,1023.712,54.826
1027.622,1023.018,54.793
1026.744,1022.026,54.726
1025.893,1020.865,54.693
1024.722,1020.249,54.626
1023.675,1019.119,54.56
1022.791,1018.361,54.526
1021.911,1017.594,54.493
1020.99,1016.723,54.426
1020.12,1015.847,54.393
1019.334,1015.263,54.36
1018.428,1014.619,54.327
1017.656,1013.615,54.293
1016.787,1012.805,54.26
1015.929,1011.754,54.193
1015.067,1011.042,54.127
1014.244,1009.964,54.094
1013.241,1009.277,54.06
1012.299,1008.476,53.994
1011.342,1007.531,53.96
1010.326,1006.647,53.894
1009.543,1005.716,53.86
1008.681,1004.946,53.794
1007.703,1004.078,53.761
1006.788,1003.236,53.727
1005.876,1002.417,53.661
1005.008,1001.342,53.661
1004.171,1000.494,53.561
1003.257,999.218,53.528
1001.957,998.568,53.494
1001.181,997.684,53.428
1000.287,997.039,53.361
999.151,995.839,53.328
998.344,994.848,53.294
997.51,994.122,53.228
996.394,992.933,53.161
995.987,992.134,53.128
995.085,991.242,53.095
994.122,990.36,53.061
993.302,989.911,53.028
992.481,988.793,52.928
991.337,987.954,52.895
990.492,987.196,52.862
989.671,986.369,52.828
988.698,985.534,52.762
987.883,984.685,52.695
987.041,983.549,52.662
985.972,982.705,52.629
985.125,982.049,52.595
984.224,981.286,52.529
983.449,980.589,52.495
982.719,979.625,52.462
981.878,978.932,52.429
981.003,978.079,52.396
979.946,977.004,52.329
979.088,975.974,52.262
978.241,975.262,52.229
977.454,974.517,52.196
976.567,973.653,52.129
975.779,972.829,52.096
974.652,971.922,52.063
973.81,971.069,51.996
972.984,970.016,51.929
972.223,969.387,51.896
971.256,968.64,51.863
970.444,967.792,51.796
969.485,967.058,51.796
968.498,965.934,51.696
967.655,965.292,51.663
966.868,964.56,51.63
966.027,963.544,51.596
965.239,962.939,51.563
964.515,962.303,51.497
963.714,961.486,51.463
962.968,960.6,51.43
962.207,959.863,51.397
961.413,959.207,51.363
960.576,958.288,51.297
959.622,957.452,51.264
958.789,956.664,51.23
957.997,955.982,51.197
957.212,955.201,51.164
956.407,954.404,51.064
955.568,953.71,51.03
954.813,952.988,50.997
953.898,952.175,50.964
952.971,951.127,50.931
952.192,950.316,50.864
951.42,949.812,50.831
950.622,948.873,50.797
949.775,948.001,50.764
948.797,947.057,50.731
947.956,946.425,50.664
947.154,945.911,50.598
946.358,945.017,50.598
945.549,944.442,50.531
944.799,943.225,50.465
943.824,942.363,50.431
942.965,941.557,50.398
942.205,940.842,50.365
941.462,939.966,50.331
940.687,939.349,50.265
939.814,938.646,50.198
938.87,937.654,50.198
938.053,936.83,50.132
937.259,935.834,50.132
936.571,935.462,50.098
935.763,934.715,49.998
935.07,933.806,49.998
934.328,933.354,49.965
933.559,932.348,49.932
932.845,931.571,49.899
932.039,931.177,49.832
931.235,930.364,49.799
930.417,929.714,49.732
929.601,928.875,49.732
928.905,928.07,49.632
928.105,927.129,49.632
927.331,926.411,49.599
926.631,925.685,49.532
925.849,924.956,49.499
924.885,924.193,49.432
924.154,923.555,49.399
923.428,922.885,49.399
922.72,922.271,49.366
922.021,921.432,49.299
921.26,920.902,49.266
920.536,920.089,49.266
919.649,919.238,49.199
918.861,918.424,49.133
918.117,918.054,49.133
917.388,916.841,49.066
916.622,916.216,49.066
915.845,915.407,49.0
914.831,914.62,48.966
914.025,914.139,48.933
913.329,913.369,48.866
912.575,912.488,48.8
911.764,911.626,48.767
911.074,911.001,48.733
910.137,909.907,48.7
909.336,909.232,48.667
908.69,908.959,48.6
907.975,907.941,48.567
907.195,907.225,48.533
906.444,906.877,48.5
905.53,905.61,48.467
904.793,904.917,48.434
904.004,904.232,48.367
903.228,903.258,48.334
902.502,902.674,48.3
901.405,901.825,48.267
900.709,900.984,48.234
899.935,900.433,48.167
899.264,899.576,48.134
898.499,898.961,48.101
897.695,898.154,48.067
896.851,897.343,48.034
896.073,896.583,47.967
895.291,895.92,47.934
894.574,895.301,47.901
893.847,894.334,47.868
893.167,893.663,47.834
892.531,893.177,47.768
891.832,892.368,47.734
891.116,891.98,47.701
890.352,891.011,47.668
889.7,890.478,47.635
888.977,889.467,47.601
888.008,888.876,47.535
887.243,888.062,47.501
886.664,887.571,47.468
885.881,886.644,47.435
885.143,886.162,47.401
884.454,885.304,47.401
883.593,884.858,47.335
882.887,884.016,47.268
882.144,883.223,47.268
881.42,882.577,47.235
880.782,881.805,47.202
880.019,880.954,47.135
879.128,880.348,47.102
878.378,879.73,47.069
877.743,879.147,47.035
877.007,878.395,47.002
876.306,877.615,46.935
875.602,876.798,46.902
874.716,876.195,46.869
874.02,875.4,46.835
873.302,874.671,46.802
872.591,874.157,46.769
871.955,873.435,46.702
871.254,872.55,46.669
870.431,871.945,46.636
869.641,871.386,46.602
868.997,870.658,46.602
868.251,870.124,46.569
867.551,869.281,46.503
866.909,868.581,46.469
865.986,867.836,46.436
865.295,867.385,46.403
864.702,866.828,46.369
863.933,866.126,46.303
863.25,865.374,46.27
862.525,864.598,46.236
861.736,864.02,46.203
860.987,863.098,46.17
860.287,862.557,46.103
859.611,861.91,46.07
858.916,861.223,46.07
858.203,860.703,46.036
857.446,859.828,45.97
856.752,859.327,45.97
856.083,858.641,45.937
855.433,857.93,45.87
854.822,857.306,45.837
854.177,856.731,45.837
853.422,855.827,45.77
852.721,855.461,45.737
852.129,854.507,45.737
851.475,853.991,45.67
850.755,853.459,45.637
850.094,852.665,45.604
849.257,851.695,45.57
848.581,851.557,45.537
848.008,850.866,45.47
847.337,850.016,45.47
846.713,849.664,45.404
846.042,848.685,45.371
845.181,847.7,45.371
844.534,847.164,45.337
843.952,846.764,45.271
843.249,846.029,45.237
842.491,845.504,45.204
841.854,844.633,45.171
841.197,843.963,45.138
840.563,843.426,45.104
839.9,842.626,45.104
839.234,842.193,45.038
838.639,841.391,45.004
838.088,840.836,44.971
837.197,840.307,44.938
836.475,839.638,44.904
835.832,838.925,44.838
835.173,838.529,44.805
834.605,837.758,44.771
833.942,837.068,44.771
833.256,836.257,44.738
832.53,835.904,44.705
831.945,835.318,44.638
831.263,834.453,44.638
830.704,833.735,44.572
830.067,833.07,44.572
829.171,832.534,44.538
828.503,831.925,44.505
827.866,831.296,44.438
827.202,830.715,44.405
826.489,830.03,44.372
825.763,829.337,44.338
825.165,828.624,44.305
824.578,828.052,44.305
823.909,827.307,44.272
823.35,826.778,44.205
822.651,826.204,44.172
821.86,825.496,44.139
821.154,824.805,44.105
820.551,824.026,44.072
819.939,823.665,44.072
819.339,823.099,44.006
818.729,822.564,43.972
818.131,821.768,43.939
817.537,821.242,43.939
816.924,820.823,43.906
816.318,820.14,43.872
815.6,819.571,43.806
814.962,818.979,43.772
814.258,818.204,43.739
813.544,817.616,43.739
812.95,817.108,43.706
812.396,816.434,43.673
811.787,816.027,43.606
811.141,815.343,43.573
810.548,814.743,43.573
809.926,814.273,43.539
809.24,813.505,43.506
808.692,813.06,43.473
808.1,812.316,43.44
807.416,811.861,43.373
806.809,811.076,43.373
806.203,810.528,43.34
805.505,809.85,43.306
804.927,809.646,43.273
804.275,808.756,43.24
803.674,808.23,43.24
803.028,807.668,43.173
802.351,806.853,43.14
801.666,806.202,43.107
801.113,805.905,43.073
800.47,805.284,43.073
799.894,804.684,43.04
799.326,803.885,42.973
798.631,803.481,42.94
798.092,802.812,42.907
797.533,802.275,42.874
796.916,801.699,42.874
796.358,800.948,42.84
795.788,800.623,42.774
795.028,799.993,42.74
794.464,799.359,42.74
793.877,798.799,42.707
793.276,798.309,42.674
792.73,797.674,42.64
792.181,796.991,42.607
791.525,796.516,42.607
790.931,796.028,42.541
790.355,795.336,42.507
789.687,794.932,42.474
789.19,794.325,42.474
788.644,793.471,42.441
787.947,793.017,42.407
787.344,792.558,42.341
786.771,792.167,42.308
786.225,791.431,42.308
785.632,790.907,42.274
785.066,790.22,42.241
784.351,789.721,42.208
783.758,789.277,42.208
783.255,788.661,42.141
782.646,788.181,42.108
782.119,787.904,42.075
781.638,787.028,42.075
780.96,786.529,42.041
780.431,785.87,42.008
779.885,785.415,41.941
779.291,784.869,41.941
778.699,784.357,41.875
778.166,783.631,41.875
777.459,783.131,41.841
776.888,782.526,41.808
776.363,782.095,41.808
775.798,781.335,41.775
775.281,780.871,41.708
774.735,780.166,41.675
774.111,779.731,41.675
773.52,779.143,41.642
772.986,778.612,41.608
772.448,778.039,41.608
771.792,777.502,41.575
771.165,776.889,41.509
770.654,776.472,41.475
770.083,775.81,41.475
769.448,775.406,41.442
768.931,774.687,41.409
768.38,774.451,41.409
767.797,773.619,41.309
767.259,773.368,41.309
766.694,772.813,41.275
766.202,772.316,41.275
765.639,771.826,41.242
765.096,771.211,41.209
764.577,770.677,41.176
763.878,770.122,41.109
763.385,769.671,41.109
762.762,769.168,41.076
762.234,768.628,41.076
761.631,768.116,41.042
761.118,767.422,41.009
760.561,766.943,40.976
760.018,766.446,40.943
759.568,766.0,40.943
759.048,765.543,40.876
758.555,764.905,40.843
758.025,764.53,40.843
757.469,764.035,40.809
756.913,763.36,40.776
756.347,762.844,40.776
755.827,762.366,40.743
755.397,761.945,40.676
754.825,761.37,40.676
754.324,761.006,40.643
753.804,760.525,40.61
753.336,760.155,40.61
752.779,759.624,40.576
752.247,759.028,40.543
751.742,758.557,40.476
751.172,757.973,40.476
750.596,757.472,40.443
750.031,756.926,40.41
749.576,756.487,40.41
749.063,755.953,40.377
748.528,755.429,40.343
747.967,754.975,40.343
747.449,754.487,40.277
746.928,754.061,40.243
746.427,753.362,40.243
745.921,752.914,40.21
745.47,752.526,40.21
744.99,751.742,40.177
744.391,751.235,40.143
743.901,750.988,40.11
743.372,750.496,40.11
742.865,749.8,40.044
742.356,749.441,40.01
741.852,748.972,39.977
741.252,748.383,39.977
740.754,747.777,39.944
740.28,747.377,39.944
739.802,746.985,39.91
739.228,746.346,39.844
738.767,745.983,39.844
738.277,745.629,39.811
737.648,744.901,39.777
737.127,744.368,39.777
736.652,743.999,39.744
736.182,743.611,39.711
735.594,742.979,39.644
735.074,742.43,39.644
734.468,741.862,39.611
733.947,741.497,39.611
733.463,740.925,39.577
732.968,740.476,39.544
732.498,740.065,39.544
732.015,739.379,39.511
731.404,738.902,39.444
730.923,738.329,39.444
730.414,737.949,39.411
729.94,737.571,39.378
729.426,737.117,39.344
728.99,736.612,39.344
728.375,736.005,39.311
727.835,735.596,39.278
727.353,735.219,39.278
726.794,734.709,39.211
726.344,734.044,39.211
725.931,733.82,39.178
725.423,733.146,39.145
724.961,732.822,39.145
724.485,732.493,39.111
724.067,731.983,39.078
723.535,731.417,39.078
723.064,731.086,39.011
722.582,730.673,39.011
722.114,730.049,38.978
721.586,729.522,38.945
721.091,729.385,38.945
720.656,728.689,38.912
720.21,728.074,38.878
719.548,727.579,38.812
719.082,727.425,38.812
718.576,726.992,38.812
718.039,726.403,38.778
717.571,726.044,38.745
717.097,725.422,38.745
716.502,724.878,38.712
715.972,724.455,38.679
715.525,723.986,38.679
715.038,723.427,38.612
714.578,723.054,38.579
714.1,722.538,38.579
713.513,721.986,38.545
713.041,721.407,38.512
712.584,721.136,38.512
712.151,720.787,38.479
711.748,720.271,38.479
711.236,719.86,38.445
710.766,719.556,38.379
710.213,718.94,38.346
709.674,718.596,38.346
709.267,718.09,38.346
708.778,717.568,38.312
708.295,717.136,38.279
707.884,716.826,38.279
707.409,716.364,38.246
707.017,715.977,38.179
706.56,715.429,38.179
706.026,715.032,38.146
705.624,714.682,38.146
705.142,714.156,38.113
704.717,713.782,38.113
704.232,713.205,38.079
703.744,712.829,38.046
703.278,712.41,38.046
702.749,712.014,37.979
702.305,711.325,37.979
701.733,710.921,37.946
701.212,710.327,37.913
700.763,709.924,37.913
700.251,709.365,37.88
699.821,708.933,37.846
699.371,708.547,37.846
698.868,708.126,37.78
698.346,707.763,37.78
697.842,707.275,37.746
697.334,706.69,37.713
696.803,706.414,37.713
696.351,705.84,37.68
695.814,705.158,37.646
695.309,704.813,37.646
694.596,704.227,37.613
694.053,703.781,37.547
693.559,703.149,37.513
693.019,702.711,37.48
692.536,702.147,37.48
692.042,701.627,37.447
691.544,701.015,37.447
691.065,700.561,37.413
690.603,700.167,37.347
690.144,699.664,37.347
689.622,699.155,37.314
689.07,698.55,37.28
688.521,698.127,37.28
687.946,697.61,37.247
687.46,697.046,37.214
686.927,696.574,37.147
686.33,695.861,37.147
685.738,695.263,37.114
685.232,694.903,37.08
684.687,694.364,37.08
684.175,693.956,37.047
683.684,693.492,37.047
683.27,692.876,37.014
682.684,692.503,36.947
682.259,691.976,36.914
681.713,691.488,36.914
681.228,691.118,36.881
680.694,690.532,36.847
680.069,689.958,36.847
679.315,689.543,36.814
678.986,689.097,36.781
678.532,688.631,36.781
677.829,687.993,36.681
677.169,687.339,36.681
676.508,686.736,36.648
675.957,686.07,36.614
675.668,685.732,36.581
675.005,685.166,36.581
674.538,684.615,36.514
673.663,683.945,36.514
673.468,683.545,36.481
672.871,682.81,36.448
672.022,682.531,36.415
671.636,681.967,36.381
671.052,681.391,36.381
670.72,680.919,36.315
670.133,680.452,36.281
669.525,679.956,36.281
669.038,679.457,36.248
668.45,678.885,36.215
667.782,678.438,36.215
667.377,678.047,36.182
666.703,677.326,36.182
666.135,676.93,36.115
665.657,676.497,36.082
665.096,675.845,36.048
664.446,675.281,36.015
663.963,674.708,36.015
663.367,674.214,35.982
662.913,673.767,35.948
662.342,673.114,35.948
661.735,672.682,35.882
661.233,672.122,35.849
660.85,671.745,35.815
660.328,671.255,35.815
659.785,670.722,35.782
659.241,670.129,35.782
658.696,669.645,35.749
657.889,669.036,35.682
657.527,668.46,35.649
656.957,667.819,35.616
656.178,667.276,35.616
655.796,666.947,35.582
655.27,666.441,35.549
654.638,665.795,35.482
654.432,665.376,35.482
653.713,664.733,35.449
653.03,664.394,35.449
652.781,663.946,35.416
652.217,663.432,35.382
651.832,662.952,35.382
651.021,662.506,35.349
650.678,661.96,35.283
650.189,661.344,35.283
649.583,660.948,35.249
649.186,660.596,35.216
648.576,660.165,35.216
648.071,659.51,35.183
647.517,658.98,35.149
647.027,658.521,35.149
646.522,657.895,35.116
645.917,657.394,35.05
645.408,657.035,35.05
644.819,656.597,35.016
644.516,656.043,34.983
643.921,655.528,34.983
643.375,654.871,34.95
642.702,654.366,34.916
642.244,653.6,34.85
641.829,653.281,34.85
641.258,652.761,34.816
640.84,652.515,34.783
640.475,651.828,34.783
639.467,651.233,34.75
639.151,650.885,34.717
638.517,650.3,34.717
638.337,649.927,34.65
637.807,649.384,34.617
637.341,649.125,34.617
636.881,648.625,34.583
636.339,648.155,34.583
635.831,647.712,34.55
635.378,647.241,34.517
634.92,646.97,34.45
634.373,646.299,34.45
633.97,645.729,34.417
633.463,645.37,34.384
632.986,645.08,34.384
632.574,644.413,34.384
632.067,643.929,34.35
631.645,643.547,34.317
631.098,642.945,34.284
630.682,642.605,34.284
630.049,642.092,34.217
629.529,641.78,34.184
629.027,641.228,34.184
628.626,640.808,34.184
628.125,640.281,34.151
627.698,639.997,34.117
627.031,639.393,34.117
626.509,638.848,34.084
626.084,638.331,34.017
625.569,637.924,33.984
625.14,637.332,33.984
624.683,636.907,33.951
624.215,636.481,33.951
623.737,636.172,33.918
623.254,635.591,33.884
622.863,635.088,33.884
622.366,634.702,33.818
621.922,634.055,33.784
621.497,633.662,33.784
621.003,633.393,33.751
620.512,632.963,33.751
620.002,632.451,33.718
619.583,632.002,33.718
619.076,631.306,33.685
618.564,630.79,33.618
618.12,630.549,33.585
617.63,630.101,33.585
617.22,629.59,33.551
616.79,629.223,33.551
616.259,628.962,33.518
615.857,628.469,33.485
615.259,627.858,33.485
614.73,627.072,33.451
614.312,626.911,33.385
613.847,626.427,33.385
613.31,626.075,33.352
612.793,625.506,33.318
612.318,625.05,33.318
611.866,624.456,33.285
611.351,623.865,33.285
610.904,623.654,33.252
610.416,623.256,33.252
609.963,622.653,33.185
609.366,622.225,33.152
608.954,621.721,33.119
608.515,621.222,33.119
608.107,620.762,33.085
607.641,620.379,33.052
607.175,619.876,33.052
606.539,619.52,33.052
606.038,619.044,32.985
605.524,618.547,32.952
605.075,618.047,32.919
604.617,617.642,32.919
604.128,617.324,32.885
603.625,616.785,32.852
603.175,616.405,32.852
602.769,615.934,32.786
602.317,615.543,32.786
601.849,614.983,32.752
601.435,614.655,32.752
600.859,613.958,32.719
600.365,613.507,32.686
599.922,613.229,32.686
599.417,612.606,32.652
599.059,612.333,32.619
598.592,611.879,32.619
598.11,611.364,32.553
597.675,610.901,32.553
597.282,610.629,32.519
596.86,610.106,32.519
596.405,609.622,32.486
595.961,609.269,32.453
595.398,608.668,32.419
594.97,608.245,32.419
594.528,607.868,32.419
594.074,607.539,32.353
593.626,607.024,32.319
593.145,606.748,32.319
592.765,606.268,32.286
592.359,605.856,32.286
591.918,605.466,32.253
591.523,605.093,32.253
591.076,604.648,32.22
590.673,604.315,32.22
590.277,603.911,32.153
589.825,603.319,32.12
589.42,602.999,32.12
589.045,602.452,32.086
588.615,602.003,32.086
588.211,601.767,32.053
587.601,601.105,32.02
587.157,600.684,32.02
586.733,600.344,31.953
586.234,599.806,31.953
585.875,599.608,31.92
585.469,598.953,31.92
584.901,598.685,31.887
584.41,598.211,31.853
583.967,597.993,31.853
583.571,597.47,31.82
583.227,597.173,31.82
582.823,596.734,31.787
582.469,596.382,31.787
581.905,595.815,31.72
581.41,595.464,31.72
581.042,594.906,31.687
580.583,594.554,31.654
580.186,594.226,31.654
579.753,593.691,31.62
579.183,593.242,31.62
578.803,592.936,31.587
578.394,592.605,31.587
578.018,592.228,31.52
577.581,591.648,31.487
577.195,591.177,31.487
576.668,590.702,31.454
576.259,590.427,31.454
575.832,590.06,31.421
575.494,589.564,31.421
575.036,589.233,31.387
574.67,588.722,31.321
574.189,588.351,31.321
573.714,587.925,31.287
573.283,587.554,31.287
572.927,587.183,31.254
572.509,586.797,31.254
572.103,586.423,31.221
571.684,586.139,31.221
571.249,585.748,31.187
570.86,585.304,31.187
570.379,584.898,31.121
569.924,584.477,31.088
569.49,584.204,31.088
569.001,583.633,31.054
568.501,583.182,31.054
567.977,582.584,31.021
567.485,582.331,30.988
567.062,581.963,30.988
566.586,581.136,30.954
565.908,580.803,30.954
565.468,580.239,30.888
564.977,579.743,30.855
564.473,579.243,30.855
563.953,578.705,30.821
563.472,578.266,30.788
562.831,577.822,30.788
562.336,577.344,30.755
561.817,576.747,30.688
561.308,576.154,30.655
560.69,575.533,30.655
560.242,575.315,30.621
559.698,574.694,30.588
559.108,574.219,30.555
558.633,573.79,30.555
558.078,573.134,30.488
557.523,572.692,30.488
557.068,572.027,30.455
556.413,571.676,30.422
555.893,571.171,30.388
555.365,570.532,30.388
554.772,570.167,30.355
554.299,569.628,30.289
553.761,569.04,30.289
553.196,568.443,30.255
552.539,567.953,30.222
551.987,567.319,30.189
551.336,566.697,30.155
550.801,566.206,30.155
550.265,565.588,30.122
549.734,565.072,30.055
548.969,564.549,30.022
548.343,563.924,29.989
547.746,563.352,29.989
547.115,562.515,29.956
546.473,562.042,29.922
545.801,561.485,29.856
544.961,560.743,29.822
544.316,559.937,29.789
543.712,559.317,29.756
542.88,558.611,29.756
542.292,557.948,29.656
541.516,557.375,29.623
540.791,556.59,29.623
540.165,555.958,29.589
539.556,555.24,29.556
538.917,554.731,29.523
538.212,553.999,29.456
537.498,553.465,29.423
536.604,552.671,29.423
535.939,552.009,29.356
535.233,551.329,29.323
534.501,550.799,29.323
533.941,550.143,29.223
533.371,549.512,29.223
532.28,548.429,29.19
531.557,547.976,29.157
531.038,547.46,29.123
530.498,546.579,29.09
529.849,545.934,29.023
528.649,545.225,28.99
528.045,544.547,28.957
527.189,543.738,28.924
526.48,543.118,28.89
525.893,542.487,28.824
525.278,541.7,28.79
524.646,541.151,28.79
523.46,540.314,28.724
522.845,539.642,28.69
522.282,538.98,28.624
521.59,538.336,28.624
520.79,537.658,28.591
520.135,536.783,28.557
519.245,536.078,28.524
518.552,535.427,28.491
517.842,534.592,28.457
517.201,534.229,28.391
516.589,533.449,28.358
515.714,532.787,28.324
515.034,532.016,28.291
514.197,531.562,28.258
513.482,530.778,28.191
512.852,530.092,28.158
512.169,529.355,28.124
511.304,528.425,28.091
510.674,527.692,28.058
509.947,526.959,28.058
509.215,526.421,27.991
508.492,525.559,27.958
507.924,525.147,27.925
507.149,524.265,27.891
506.645,523.834,27.858
506.126,523.175,27.792
505.278,522.567,27.758
504.666,521.94,27.725
503.717,521.152,27.725
503.279,520.632,27.658
502.532,520.144,27.658
502.01,519.461,27.625
501.575,518.841,27.558
500.696,518.275,27.525
500.062,517.514,27.492
499.298,516.714,27.459
498.55,516.119,27.425
498.01,515.571,27.425
497.244,514.964,27.359
496.609,514.316,27.325
496.007,513.434,27.292
495.316,512.964,27.259
494.638,512.412,27.226
494.116,511.873,27.226
493.366,511.231,27.159
492.719,510.697,27.126
492.041,509.873,27.092
491.335,509.118,27.059
490.718,508.642,27.026
490.069,508.055,26.959
489.425,507.565,26.926
488.793,506.821,26.926
488.202,506.17,26.893
487.464,505.45,26.859
486.864,505.121,26.826
486.251,504.461,26.793
485.558,503.73,26.726
485.018,503.206,26.726
484.369,502.438,26.693
483.643,501.855,26.66
483.035,501.295,26.626
482.476,500.857,26.593
481.79,500.1,26.526
481.238,499.624,26.526
480.724,498.909,26.493
479.973,498.479,26.46
479.296,497.748,26.426
478.734,497.352,26.393
478.158,496.824,26.393
477.602,496.22,26.327
477.053,495.41,26.293
476.354,494.944,26.26
475.697,494.263,26.26
475.193,493.851,26.227
474.579,493.341,26.193
474.053,492.709,26.193
473.525,492.057,26.127
472.7,491.458,26.06
472.067,490.919,26.06
471.473,490.389,26.027
470.97,489.696,25.994
470.423,489.415,25.994
469.858,488.563,25.96
469.111,488.2,25.894
468.512,487.588,25.86
467.931,486.907,25.86
467.265,486.099,25.827
466.715,485.955,25.794
466.169,485.236,25.761
465.441,484.886,25.694
464.938,484.295,25.694
464.444,483.759,25.661
463.936,483.288,25.627
463.446,482.911,25.627
462.88,481.967,25.594
462.174,481.627,25.561
461.689,481.084,25.494
461.175,480.617,25.494
460.677,480.014,25.461
460.179,479.642,25.428
459.545,478.979,25.394
459.132,478.496,25.394
458.426,477.935,25.361
457.915,477.372,25.328
457.395,476.884,25.328
456.901,476.343,25.261
456.406,476.061,25.228
455.926,475.565,25.195
455.431,475.043,25.195
454.892,474.561,25.161
454.335,473.989,25.161
453.747,473.42,25.128
453.277,472.995,25.061
452.8,472.656,25.061
452.243,472.126,25.028
451.669,471.531,24.995
451.114,470.947,24.962
450.559,470.458,24.962
450.091,469.959,24.928
449.641,469.384,24.928
449.01,468.933,24.862
448.514,468.347,24.828
447.997,467.859,24.795
447.425,467.464,24.795
446.894,466.962,24.762
446.375,466.428,24.729
445.749,465.686,24.729
445.21,465.266,24.662
444.707,464.655,24.629
444.175,464.194,24.595
443.714,463.87,24.595
443.12,463.181,24.562
442.401,462.701,24.529
441.843,462.07,24.495
441.22,461.574,24.495
440.673,460.903,24.429
440.09,460.545,24.396
439.529,459.803,24.362
438.782,459.105,24.329
438.05,458.393,24.329
437.445,457.912,24.296
436.789,456.992,24.229
436.201,456.626,24.196
435.56,455.836,24.163
434.667,455.165,24.129
434.049,454.629,24.096
433.365,453.825,24.029
432.623,453.132,23.996
431.965,452.418,23.963
431.302,451.591,23.929
430.433,450.943,23.896
429.639,450.252,23.83
428.975,449.679,23.796
428.248,448.837,23.763
427.528,448.238,23.73
426.75,447.349,23.696
426.064,446.687,23.663
425.138,446.003,23.663
424.313,445.199,23.563
423.594,444.52,23.53
422.824,443.785,23.497
422.089,443.005,23.463
421.372,442.341,23.397
420.291,441.324,23.363
419.417,440.523,23.33
418.692,439.779,23.297
417.865,438.983,23.264
416.968,438.238,23.197
416.158,437.533,23.164
415.023,436.424,23.13
414.141,435.408,23.064
413.32,434.751,22.997
412.491,433.919,22.931
411.574,433.108,22.897
410.7,432.192,22.864
409.508,431.033,22.831
408.453,429.998,22.731
407.448,428.987,22.698
406.534,428.058,22.664
405.43,426.967,22.631
404.377,425.959,22.531
403.039,424.732,22.465
401.931,423.654,22.431
400.892,422.613,22.331
399.674,421.444,22.298
398.536,420.247,22.231
397.37,419.354,22.165
395.818,417.67,22.098
394.607,416.605,22.032
393.477,415.691,21.932
392.232,414.433,21.899
391.087,413.299,21.832
389.991,412.069,21.799
388.523,410.681,21.699
387.191,409.434,21.632
385.891,408.088,21.532
384.672,406.914,21.499
383.362,405.678,21.432
382.032,404.479,21.333
380.453,402.983,21.299
379.158,401.676,21.233
377.947,400.517,21.166
376.764,399.348,21.066
375.392,398.15,21.033
374.241,397.033,20.966
372.675,395.65,20.866
371.375,394.296,20.8
370.228,393.026,20.767
369.119,392.061,20.667
367.736,390.833,20.633
366.595,389.645,20.567
365.185,388.524,20.467
363.945,387.256,20.434
362.821,386.14,20.367
361.662,384.869,20.267
360.528,383.779,20.234
359.379,382.812,20.201
357.89,381.415,20.134
356.696,380.354,20.034
355.559,379.105,19.968
354.321,377.962,19.934
353.234,376.72,19.834
351.849,375.54,19.768
350.655,374.481,19.734
349.624,373.581,19.635
348.519,372.48,19.601
347.531,371.595,19.535
346.508,370.225,19.501
345.099,368.998,19.435
344.093,367.987,19.368
343.138,367.014,19.335
341.937,365.861,19.235
340.994,365.04,19.202
339.97,363.653,19.168
338.711,362.717,19.102
337.622,361.716,19.035
336.719,360.825,18.969
335.568,359.789,18.935
334.667,359.013,18.836
333.61,357.726,18.802
332.466,356.841,18.736
331.381,355.71,18.702
330.361,354.692,18.669
329.387,353.777,18.602
328.469,352.964,18.569
327.532,351.863,18.503
326.278,350.878,18.469
325.364,349.922,18.369
324.457,349.076,18.336
323.381,348.284,18.303
322.492,347.241,18.203
321.716,346.263,18.17
320.423,345.225,18.136
319.352,344.169,18.07
318.226,342.877,18.003
317.071,342.095,17.937
316.072,341.094,17.903
315.254,340.296,17.87
314.029,339.169,17.77
313.18,338.295,17.737
312.305,337.42,17.704
311.477,336.729,17.67
310.606,335.798,17.57
309.767,334.971,17.57
308.596,333.933,17.504
307.609,332.81,17.47
306.695,332.097,17.371
305.86,331.379,17.371
304.987,330.303,17.304
303.905,329.298,17.271
303.039,328.643,17.171
302.223,327.935,17.138
301.303,326.924,17.104
300.529,326.311,17.071
299.667,325.254,17.038
298.664,324.514,16.938
297.865,323.61,16.938
296.973,322.792,16.905
296.147,322.049,16.838
295.391,321.242,16.805
294.594,320.45,16.738
293.704,319.672,16.705
292.907,318.844,16.671
292.168,318.12,16.638
291.308,317.409,16.605
290.55,316.633,16.538
289.752,315.704,16.505
288.842,314.959,16.472
287.977,314.281,16.438
287.118,313.286,16.339
286.152,312.388,16.305
285.177,311.37,16.272
283.983,310.047,16.205
282.575,308.767,16.105
281.241,307.621,16.072
279.984,306.492,16.006
278.842,305.226,15.906
277.616,304.01,15.872
276.474,302.875,15.806
275.183,301.61,15.706
274.01,300.64,15.673
272.905,299.527,15.606
271.619,298.281,15.573
270.51,297.252,15.473
269.362,296.072,15.44
268.078,294.869,15.373
266.912,293.723,15.273
265.888,292.704,15.24
264.717,291.643,15.173
263.561,290.547,15.073
262.529,289.347,15.04
261.316,288.385,15.007
260.198,287.37,14.94
259.158,286.374,14.874
258.05,285.312,14.807
257.035,284.322,14.774
256.014,283.117,14.674
254.822,282.144,14.641
253.699,281.052,14.574
252.719,280.153,14.541
251.724,279.179,14.507
250.533,277.965,14.407
249.55,277.098,14.374
248.596,276.091,14.308
247.619,275.136,14.241
246.7,274.265,14.208
245.691,273.277,14.174
244.759,272.368,14.108
243.852,271.334,14.041
242.665,270.324,13.975
241.734,269.447,13.941
240.736,268.551,13.908
239.856,267.641,13.841
239.028,266.831,13.808
238.135,265.753,13.775
236.898,264.776,13.708
236.012,263.975,13.675
235.159,263.133,13.608
234.339,262.38,13.542
233.468,261.467,13.509
232.603,260.341,13.475
231.397,259.489,13.375
230.518,258.601,13.342
229.631,257.829,13.309
228.728,257.05,13.275
227.956,256.201,13.209
227.118,255.215,13.176
226.152,254.371,13.109
225.209,253.631,13.076
224.394,252.798,13.009
223.493,252.05,12.943
222.628,251.197,12.943
221.791,250.242,12.876
220.877,249.452,12.843
219.916,248.542,12.776
219.006,247.514,12.71
217.939,246.626,12.676
217.104,245.873,12.643
216.324,245.125,12.576
215.403,244.287,12.51
214.611,243.534,12.51
213.81,242.76,12.443
213.045,241.959,12.377
212.355,241.288,12.343
211.623,240.553,12.31
210.686,239.727,12.277
209.907,238.976,12.243
209.046,238.047,12.177
208.281,237.396,12.144
207.451,236.587,12.11
206.715,235.878,12.077
206.02,235.188,12.044
205.29,234.558,12.01
204.624,233.811,11.944
203.863,233.224,11.91
203.272,232.569,11.877
202.563,231.962,11.844
201.755,231.144,11.844
201.007,230.437,11.744
200.432,229.822,11.711
199.646,229.062,11.677
198.986,228.405,11.644
198.234,227.797,11.611
197.475,226.958,11.544
196.775,226.224,11.511
196.015,225.552,11.478
195.154,224.85,11.478
194.571,224.162,11.411
193.888,223.539,11.344
193.178,222.89,11.344
192.562,222.254,11.278
191.828,221.624,11.278
191.307,221.007,11.245
190.616,220.326,11.211
189.924,219.724,11.178
189.253,219.102,11.111
188.583,218.51,11.078
187.909,217.869,11.045
187.301,217.293,11.012
186.648,216.605,11.012
185.824,215.974,10.978
185.195,215.238,10.878
184.549,214.668,10.878
183.89,214.058,10.845
183.36,213.508,10.812
182.796,212.931,10.778
182.121,212.371,10.712
181.637,211.778,10.712
181.047,211.258,10.679
180.419,210.692,10.645
179.881,210.163,10.612
179.276,209.483,10.612
178.665,208.93,10.579
178.047,208.32,10.512
177.438,207.735,10.479
176.912,207.28,10.446
176.368,206.79,10.412
175.829,206.116,10.412
175.247,205.606,10.379
174.725,205.122,10.346
174.133,204.591,10.346
173.565,204.044,10.279
173.026,203.549,10.246
172.526,202.945,10.212
171.838,202.41,10.179
171.327,201.854,10.179
170.835,201.382,10.146
170.215,200.88,10.079
169.69,200.36,10.079
169.154,199.805,10.046
168.6,199.262,10.013
168.073,198.83,9.979
167.542,198.361,9.979
167.056,197.809,9.946
166.66,197.43,9.946
166.521,197.323,9.88
166.482,197.264,9.88
166.473,197.262,9.88
166.435,197.23,9.88
166.426,197.191,9.88
166.398,197.21,9.88
166.389,197.2,9.88
