1465.464,78.137
1462.14,78.003
1444.053,77.171
1440.84,76.872
1437.561,76.705
1408.605,75.307
1405.463,75.04
1402.288,74.874
1399.148,74.707
1395.456,74.541
1392.349,74.341
1388.644,74.175
1385.626,74.042
1381.959,73.842
1378.933,73.675
1374.13,73.442
1371.157,73.276
1368.161,73.109
1365.189,72.943
1361.943,72.81
1358.876,72.61
1355.415,72.443
1352.497,72.277
1348.939,72.177
1346.018,71.977
1341.409,71.711
1338.564,71.578
1335.718,71.411
1332.963,71.245
1329.856,71.078
1327.034,70.945
1323.601,70.779
1320.794,70.612
1317.357,70.512
1314.612,70.346
1310.194,70.113
1307.468,69.946
1304.718,69.78
1302.022,69.613
1299.009,69.514
1296.278,69.347
1293.001,69.181
1290.296,69.048
1286.971,68.914
1284.324,68.748
1280.082,68.515
1277.445,68.382
1274.809,68.248
1272.203,68.082
1269.312,67.949
1266.8,67.816
1263.647,67.649
1261.129,67.516
1258.322,67.383
1255.781,67.25
1251.678,67.083
1249.083,66.883
1246.578,66.717
1244.085,66.617
1240.95,66.451
1238.414,66.284
1235.336,66.184
1232.925,66.051
1229.8,65.885
1227.389,65.785
1223.424,65.585
1221.025,65.418
1218.596,65.319
1216.231,65.185
1213.537,65.019
1211.177,64.919
1208.269,64.753
1205.834,64.619
1202.935,64.52
1200.594,64.386
1196.817,64.187
1194.456,64.087
1192.135,63.92
1189.648,63.787
1187.274,63.687
1184.908,63.521
1182.211,63.388
1179.955,63.288
1177.063,63.155
1174.758,63.021
1171.169,62.855
1168.895,62.688
1166.639,62.555
1164.369,62.455
1162.063,62.322
1159.828,62.222
1157.03,62.089
1154.888,61.989
1152.187,61.856
1150.037,61.723
1146.493,61.556
1144.315,61.423
1142.112,61.29
1139.919,61.19
1137.755,61.057
1135.586,60.957
1132.951,60.824
1130.805,60.724
1128.257,60.591
1126.118,60.458
1122.747,60.325
1120.591,60.191
1118.484,60.058
1116.307,59.958
1114.173,59.825
1112.115,59.725
1109.58,59.592
1107.486,59.492
1105.007,59.392
1103.011,59.292
1099.794,59.126
1097.78,58.993
1095.761,58.893
1093.814,58.76
1091.691,58.66
1089.724,58.527
1087.317,58.46
1085.321,58.327
1082.92,58.227
1080.978,58.094
1077.868,57.927
1075.943,57.861
1074.021,57.728
1072.129,57.628
1070.056,57.528
1068.139,57.428
1065.738,57.295
1063.89,57.228
1061.638,57.095
1059.742,57.028
1056.736,56.862
1054.877,56.729
1053.008,56.629
1051.173,56.562
1049.175,56.429
1047.382,56.363
1045.063,56.229
1043.249,56.163
1041.02,56.03
1039.191,55.897
1036.342,55.797
1034.502,55.663
1032.728,55.564
1030.934,55.464
1028.999,55.364
1027.264,55.264
1025.048,55.197
1023.283,55.064
1021.072,54.998
1019.412,54.898
1016.624,54.765
1014.876,54.631
1013.161,54.565
1011.479,54.432
1009.628,54.365
1007.912,54.232
1005.799,54.165
1004.103,54.099
1002.053,53.965
1000.378,53.899
996.966,53.766
994.864,53.599
993.27,53.533
991.179,53.399
989.531,53.333
987.538,53.266
986.285,53.133
984.259,53.067
982.635,52.933
980.028,52.833
978.42,52.7
976.774,52.667
975.139,52.567
973.171,52.434
971.552,52.334
969.673,52.267
968.096,52.201
966.186,52.101
964.625,52.001
962.104,51.868
960.532,51.801
958.964,51.668
957.423,51.602
955.716,51.502
954.145,51.435
952.292,51.369
950.747,51.269
948.886,51.169
947.369,51.069
944.92,50.969
943.43,50.869
941.289,50.803
939.742,50.736
938.24,50.636
936.696,50.57
935.225,50.47
933.77,50.403
932.129,50.336
930.746,50.203
928.558,50.137
927.118,50.037
925.597,49.97
924.153,49.904
922.295,49.77
920.895,49.737
919.121,49.604
917.716,49.537
915.97,49.438
914.529,49.371
912.235,49.238
910.8,49.171
909.381,49.105
907.936,49.005
906.449,48.938
905.076,48.905
903.395,48.772
901.995,48.705
900.263,48.605
898.911,48.539
896.924,48.472
895.564,48.405
894.172,48.339
892.81,48.272
891.164,48.139
889.782,48.106
888.15,47.973
886.833,47.906
885.201,47.839
883.861,47.74
881.728,47.673
880.442,47.573
879.114,47.507
877.805,47.473
876.376,47.407
875.092,47.307
873.495,47.24
872.232,47.14
870.609,47.074
869.334,47.007
867.251,46.874
865.982,46.841
864.631,46.741
863.367,46.707
862.023,46.641
860.767,46.574
859.158,46.474
857.883,46.408
856.329,46.308
855.073,46.241
853.105,46.175
851.85,46.075
850.614,46.008
849.388,45.975
848.025,45.908
846.762,45.842
845.269,45.742
844.006,45.675
842.549,45.609
841.304,45.542
839.326,45.442
838.149,45.376
836.91,45.342
835.719,45.243
834.501,45.209
833.292,45.143
831.854,45.043
830.66,44.976
829.166,44.91
828.021,44.843
826.173,44.743
824.968,44.643
823.84,44.643
822.664,44.577
821.387,44.51
820.195,44.443
818.78,44.344
817.659,44.344
816.205,44.21
815.073,44.177
813.213,44.077
812.057,43.977
810.939,43.944
809.784,43.911
808.591,43.811
807.451,43.778
806.156,43.711
805.005,43.678
803.623,43.578
802.495,43.511
800.697,43.411
799.584,43.345
798.444,43.278
797.366,43.278
796.254,43.178
795.13,43.145
793.752,43.045
792.693,42.979
791.359,42.912
790.231,42.879
788.532,42.746
787.455,42.712
786.435,42.679
785.332,42.646
784.174,42.546
783.07,42.512
781.805,42.413
780.765,42.346
779.438,42.279
778.368,42.246
776.691,42.146
775.639,42.08
774.623,42.046
773.611,42.013
772.457,41.913
771.418,41.88
770.093,41.813
769.068,41.713
767.854,41.68
766.789,41.647
765.174,41.514
764.128,41.514
763.101,41.447
762.089,41.414
761.009,41.314
760.003,41.281
758.756,41.214
757.763,41.181
756.526,41.081
755.517,41.014
753.957,40.914
753.012,40.881
752.0,40.848
751.025,40.814
749.933,40.781
748.978,40.681
747.796,40.648
746.81,40.581
745.655,40.548
744.668,40.448
743.144,40.382
742.143,40.348
741.206,40.282
740.236,40.248
739.282,40.182
738.282,40.149
737.122,40.082
736.22,40.049
735.053,39.982
734.078,39.916
732.647,39.816
731.644,39.816
730.723,39.749
729.785,39.716
728.806,39.649
727.92,39.583
726.752,39.549
725.854,39.516
724.71,39.416
723.778,39.383
722.364,39.316
721.397,39.25
720.479,39.183
719.595,39.15
718.667,39.117
717.735,39.083
716.664,39.017
715.737,38.95
714.653,38.883
713.788,38.883
712.369,38.784
711.463,38.75
710.61,38.684
709.734,38.617
708.731,38.584
707.884,38.551
706.776,38.517
705.895,38.417
704.845,38.351
703.966,38.351
702.551,38.284
701.68,38.251
700.875,38.151
699.992,38.118
699.03,38.084
698.224,38.051
697.154,37.985
696.305,37.918
695.268,37.885
694.417,37.851
693.093,37.751
692.238,37.718
691.439,37.685
690.55,37.652
689.662,37.552
688.774,37.518
687.795,37.485
686.98,37.452
685.96,37.352
685.122,37.352
683.789,37.285
682.976,37.252
682.156,37.219
681.373,37.152
680.467,37.119
679.666,37.052
678.637,37.019
677.834,36.952
676.847,36.919
676.083,36.886
674.724,36.819
673.941,36.753
673.148,36.719
672.336,36.686
671.471,36.619
670.7,36.586
669.71,36.52
668.959,36.486
667.969,36.453
667.168,36.42
665.927,36.386
665.113,36.287
664.393,36.253
663.65,36.22
662.75,36.187
661.935,36.12
661.009,36.087
660.246,36.053
659.316,36.02
658.528,35.92
657.248,35.887
656.528,35.854
655.757,35.82
655.014,35.787
654.172,35.754
653.384,35.687
652.523,35.621
651.766,35.587
650.812,35.554
650.085,35.487
648.856,35.454
648.076,35.421
647.387,35.388
646.651,35.354
645.827,35.254
645.054,35.254
644.192,35.188
643.46,35.155
642.605,35.088
641.822,35.055
640.638,35.021
639.928,34.988
639.21,34.955
638.459,34.922
637.681,34.855
636.975,34.822
636.093,34.755
635.365,34.722
634.356,34.655
633.503,34.622
632.497,34.589
631.739,34.555
631.015,34.522
630.333,34.455
629.609,34.422
628.923,34.389
628.157,34.356
627.492,34.322
626.628,34.256
625.932,34.222
624.784,34.156
624.117,34.156
623.414,34.122
622.692,34.023
621.837,34.023
621.083,33.989
620.147,33.956
619.405,33.889
618.396,33.823
617.485,33.756
616.16,33.723
615.154,33.69
614.087,33.59
613.055,33.556
611.957,33.49
610.924,33.423
609.672,33.39
608.624,33.323
607.373,33.29
606.254,33.19
604.388,33.124
603.124,33.09
601.993,32.957
600.805,32.924
599.65,32.857
598.449,32.791
597.189,32.724
596.055,32.691
594.605,32.591
593.352,32.524
591.173,32.458
589.789,32.358
588.487,32.291
587.202,32.225
585.944,32.125
584.645,32.092
583.113,32.025
581.726,31.925
580.016,31.858
578.651,31.759
576.45,31.659
574.957,31.592
573.366,31.492
571.76,31.392
570.025,31.292
568.394,31.226
566.452,31.126
564.709,31.026
562.93,30.926
561.318,30.86
558.928,30.76
557.304,30.66
555.778,30.56
554.101,30.46
552.224,30.394
550.386,30.26
548.45,30.194
546.63,30.061
544.378,29.994
542.542,29.861
538.814,29.661
536.05,29.561
533.499,29.395
530.878,29.228
528.143,29.128
525.594,28.962
522.812,28.829
520.107,28.696
517.384,28.562
514.863,28.396
510.79,28.263
508.373,28.096
505.755,27.963
503.23,27.863
500.7,27.663
498.092,27.497
495.683,27.364
493.304,27.264
491.086,27.131
488.815,27.064
485.639,26.864
483.453,26.731
481.217,26.631
479.036,26.498
476.851,26.398
474.706,26.265
472.2,26.132
469.846,26.032
467.311,25.899
465.3,25.799
462.065,25.633
459.923,25.499
457.757,25.4
455.563,25.3
453.411,25.2
451.257,25.067
449.156,24.933
447.252,24.834
445.368,24.767
443.406,24.634
440.642,24.467
438.664,24.367
436.794,24.301
434.87,24.168
432.991,24.101
431.14,23.968
429.207,23.901
427.304,23.768
425.318,23.635
423.478,23.568
420.747,23.468
418.907,23.335
417.084,23.269
415.161,23.136
413.372,23.069
411.659,22.936
409.876,22.869
408.193,22.736
406.086,22.669
404.398,22.57
401.743,22.436
400.019,22.337
398.363,22.237
396.748,22.137
395.056,22.07
393.435,21.937
391.584,21.87
390.051,21.804
388.143,21.704
386.569,21.637
384.168,21.471
382.66,21.404
381.186,21.304
379.673,21.238
378.135,21.138
376.693,21.071
374.892,21.005
373.49,20.905
371.716,20.838
370.278,20.772
368.015,20.639
366.55,20.572
365.08,20.472
363.698,20.405
362.346,20.306
360.992,20.239
359.303,20.172
357.897,20.073
356.354,20.006
355.03,19.939
352.932,19.806
351.617,19.773
350.33,19.673
348.99,19.606
347.525,19.54
346.188,19.44
344.813,19.373
343.513,19.34
341.997,19.24
340.696,19.174
338.788,19.04
337.551,19.007
336.246,18.941
335.017,18.841
333.723,18.774
332.489,18.741
331.195,18.641
330.012,18.574
328.531,18.541
327.395,18.474
325.514,18.375
324.399,18.308
323.21,18.208
322.095,18.175
320.936,18.108
319.745,18.008
318.382,17.975
317.248,17.908
316.009,17.875
314.885,17.775
313.206,17.709
312.099,17.642
311.076,17.576
310.065,17.509
308.968,17.476
307.905,17.442
306.72,17.342
305.654,17.309
304.428,17.243
303.391,17.176
301.796,17.076
300.78,17.043
299.761,16.976
298.773,16.91
297.818,16.876
296.826,16.843
295.724,16.743
294.714,16.71
293.628,16.643
292.637,16.61
291.105,16.51
290.174,16.477
289.201,16.444
288.259,16.344
287.288,16.31
286.331,16.244
285.256,16.21
284.368,16.144
283.249,16.077
282.345,16.044
280.943,15.977
280.033,15.911
279.177,15.878
278.254,15.811
277.414,15.811
276.528,15.778
275.487,15.678
274.591,15.644
273.593,15.611
272.748,15.511
271.403,15.445
270.608,15.445
269.75,15.378
268.937,15.312
268.1,15.278
267.284,15.245
266.313,15.178
265.404,15.145
264.364,15.078
263.549,15.045
262.375,14.979
261.589,14.945
260.79,14.845
259.998,14.845
259.189,14.812
258.384,14.779
257.454,14.679
256.658,14.646
255.731,14.612
254.947,14.579
253.73,14.479
252.96,14.446
252.149,14.413
251.426,14.379
250.675,14.346
249.939,14.313
249.103,14.246
248.398,14.246
247.442,14.18
246.727,14.146
245.563,14.046
244.851,14.013
244.154,13.98
243.402,13.98
242.673,13.947
241.955,13.913
241.093,13.813
240.383,13.78
239.6,13.747
238.89,13.713
237.79,13.614
237.087,13.614
236.409,13.58
235.705,13.547
234.982,13.514
234.32,13.48
233.475,13.414
232.843,13.381
232.019,13.347
231.391,13.314
230.366,13.281
229.692,13.214
229.009,13.181
228.172,13.147
227.496,13.114
226.857,13.081
226.213,13.014
225.559,12.981
224.819,12.948
224.199,12.914
223.201,12.881
222.591,12.881
221.966,12.815
221.332,12.781
220.754,12.748
220.098,12.715
219.409,12.648
218.73,12.648
218.03,12.581
217.415,12.548
216.525,12.515
215.93,12.482
215.335,12.482
214.758,12.448
214.16,12.382
213.549,12.348
212.834,12.315
212.233,12.282
211.573,12.249
210.964,12.182
210.057,12.149
209.465,12.115
208.876,12.115
208.286,12.082
207.7,12.049
207.131,11.982
206.507,11.949
205.91,11.949
205.29,11.882
204.721,11.882
203.84,11.816
203.271,11.816
202.687,11.749
202.173,11.749
201.645,11.716
201.067,11.683
200.492,11.649
199.964,11.616
199.314,11.549
198.761,11.549
197.977,11.483
197.467,11.483
196.903,11.449
196.41,11.449
195.847,11.416
195.357,11.35
194.752,11.316
194.249,11.316
193.637,11.283
193.155,11.25
192.384,11.216
191.861,11.216
191.383,11.15
190.894,11.117
190.39,11.083
189.9,11.083
189.298,11.05
188.817,11.017
188.207,10.983
187.676,10.917
186.94,10.883
186.427,10.883
185.911,10.85
185.42,10.817
184.918,10.817
184.421,10.784
183.936,10.717
183.453,10.717
182.891,10.684
182.401,10.65
181.691,10.617
181.206,10.617
180.722,10.584
180.267,10.517
179.781,10.517
179.33,10.484
178.786,10.484
178.331,10.451
177.764,10.417
177.298,10.417
176.602,10.384
176.124,10.317
175.641,10.284
175.214,10.284
174.766,10.251
174.319,10.218
173.797,10.218
173.379,10.184
172.843,10.151
172.391,10.151
171.733,10.084
171.34,10.051
170.903,10.018
170.464,10.018
170.036,10.018
169.586,9.985
169.118,9.951
168.692,9.951
168.22,9.885
167.791,9.851
167.162,9.818
166.684,9.818
166.292,9.785
165.863,9.785
165.442,9.752
164.99,9.685
164.549,9.685
164.133,9.652
163.64,9.652
163.237,9.618
162.585,9.585
162.193,9.585
161.766,9.552
161.409,9.552
160.971,9.485
160.543,9.452
160.097,9.452
159.711,9.419
159.229,9.419
158.857,9.385
158.229,9.352
157.849,9.352
157.487,9.319
157.096,9.252
156.705,9.252
156.296,9.219
155.823,9.219
155.438,9.186
155.015,9.186
154.627,9.152
154.002,9.152
153.609,9.119
153.223,9.052
152.845,9.052
152.442,9.019
152.087,9.019
151.674,8.986
151.317,8.986
150.86,8.952
150.489,8.952
149.885,8.919
149.537,8.853
149.146,8.853
148.755,8.819
148.414,8.819
148.054,8.786
147.673,8.786
147.296,8.753
146.907,8.719
146.593,8.719
146.014,8.653
145.686,8.653
145.31,8.62
144.934,8.62
144.56,8.586
144.23,8.586
143.823,8.553
143.444,8.553
143.073,8.52
142.718,8.52
142.198,8.486
141.879,8.486
141.519,8.42
141.177,8.386
140.842,8.386
140.503,8.386
140.126,8.353
139.806,8.32
139.368,8.32
139.028,8.32
138.525,8.287
138.175,8.287
137.848,8.22
137.504,8.22
137.189,8.187
136.858,8.153
136.488,8.153
136.187,8.153
135.833,8.12
135.5,8.12
134.955,8.087
134.608,8.02
134.29,8.02
133.995,8.02
133.655,7.987
133.34,7.987
133.003,7.954
132.691,7.954
132.392,7.954
132.072,7.92
131.632,7.887
131.321,7.887
131.014,7.887
130.727,7.82
130.411,7.82
130.101,7.787
129.778,7.787
129.463,7.754
129.107,7.754
128.795,7.754
128.364,7.721
128.075,7.687
127.779,7.687
127.473,7.687
127.168,7.654
126.863,7.654
126.518,7.587
126.221,7.587
125.902,7.587
125.588,7.554
125.13,7.521
124.876,7.521
124.54,7.488
124.252,7.488
123.96,7.488
123.685,7.454
123.427,7.454
123.129,7.454
122.835,7.454
122.568,7.388
121.595,7.354
120.85,7.321
120.133,7.288
119.447,7.254
118.672,7.188
117.961,7.155
117.248,7.121
116.512,7.088
115.806,7.055
115.101,6.988
112.414,6.888
110.369,6.755
108.417,6.655
106.398,6.522
104.371,6.422
102.377,6.289
100.249,6.222
97.588,6.089
95.731,5.923
93.977,5.823
91.715,5.723
90.008,5.623
88.342,5.523
86.655,5.423
85.035,5.323
83.536,5.224
81.742,5.157
80.284,5.057
78.385,4.957
76.909,4.891
74.743,4.791
73.145,4.624
71.652,4.558
70.138,4.458
68.737,4.391
67.088,4.325
65.756,4.225
64.38,4.158
63.083,4.058
61.316,3.992
59.638,3.925
