4.104,9.0,0.2,0,0,0
4.339,9.0,0.4,0,0,0
4.574,9.0,0.6,0,0,0
4.809,9.0,0.8,0,0,0
5.045,9.0,1.0,0,0,0
5.28,9.0,1.2,0,0,0
5.515,9.0,1.4,0,0,0
5.75,9.0,1.6,0,0,0
5.986,9.0,1.8,0,0,0
6.221,9.0,2.0,0,0,0
6.456,9.0,2.2,0,0,0
6.691,9.0,2.4,0,0,0
6.927,9.0,2.6,0,0,0
7.162,9.0,2.8,0,0,0
7.397,10.0,3.0,0,0,0
7.632,11.0,3.2,0,0,0
7.867,12.0,3.4,0,0,0
8.103,14.0,3.6,0,0,0
8.338,16.0,3.8,0,0,0
8.573,19.0,4.0,0,0,0
8.808,22.0,4.2,0,0,0
9.044,25.0,4.4,0,0,0
9.279,28.0,4.6,0,0,0
9.514,31.0,4.8,0,0,0
9.749,35.0,5.0,0,0,0
9.985,39.0,5.2,0,0,0
10.22,43.0,5.4,0,0,0
10.455,46.0,5.6,0,0,0
10.69,50.0,5.8,0,0,0
10.925,54.0,6.0,0,0,0
11.161,58.0,6.2,0,0,0
11.396,62.0,6.4,0,0,0
11.631,66.0,6.6,0,0,0
11.866,70.0,6.8,1,0,0
12.102,74.0,7.0,1,0,0
12.337,78.0,7.2,1,0,0
12.572,83.0,7.4,1,0,0
12.807,86.0,7.6,1,0,0
13.043,91.0,7.8,1,0,0
13.278,95.0,8.0,1,0,0
13.513,99.0,8.2,1,0,0
13.748,103.0,8.4,1,0,0
13.983,107.0,8.6,1,0,0
14.219,111.0,8.8,1,0,0
14.454,115.0,9.0,1,0,0
14.689,119.0,9.2,1,0,0
14.924,124.0,9.4,1,0,0
15.16,128.0,9.6,1,0,0
15.395,132.0,9.8,1,0,0
15.63,136.0,10.0,1,0,0
15.865,140.0,10.2,1,0,0
16.101,144.0,10.4,1,0,0
16.336,149.0,10.6,1,0,0
16.571,153.0,10.8,1,0,0
16.806,157.0,11.0,1,0,0
17.041,161.0,11.2,1,0,0
17.277,165.0,11.4,1,0,0
17.512,170.0,11.6,1,0,0
17.747,174.0,11.8,1,0,0
17.982,178.0,12.0,1,0,0
18.218,182.0,12.2,1,0,0
18.453,186.0,12.4,1,0,0
18.688,191.0,12.6,1,0,0
18.923,195.0,12.8,1,0,0
19.159,196.0,13.0,1,0,0
19.394,204.0,13.2,1,0,0
19.629,208.0,13.4,1,0,0
19.864,212.0,13.6,1,0,0
20.099,216.0,13.8,1,0,0
20.688,226.0,14.3,1,0,0
21.276,237.0,14.8,1,0,0
21.864,248.0,15.3,1,0,0
22.452,258.0,15.8,1,0,0
23.04,269.0,16.3,1,0,0
23.628,279.0,16.8,1,0,0
24.216,290.0,17.3,1,0,0
24.804,301.0,17.8,1,0,0
25.392,311.0,18.3,1,0,0
25.98,322.0,18.8,1,0,0
26.568,333.0,19.3,1,0,0
27.156,343.0,19.8,1,0,0
27.744,354.0,20.3,1,0,0
28.332,364.0,20.8,1,0,0
28.921,375.0,21.3,1,0,0
29.509,386.0,21.8,1,0,0
30.097,396.0,22.3,1,0,0
30.685,407.0,22.8,1,0,0
31.273,418.0,23.3,1,0,0
31.861,431.0,23.8,1,0,0
32.449,440.0,24.3,1,0,0
33.037,451.0,24.8,1,0,0
33.625,462.0,25.3,1,0,0
34.213,473.0,25.8,1,0,0
34.801,483.0,26.3,1,0,0
35.389,494.0,26.8,1,0,0
35.977,505.0,27.3,1,0,0
36.566,515.0,27.8,1,0,0
37.154,526.0,28.3,1,0,0
37.742,537.0,28.8,1,0,0
38.33,548.0,29.3,1,0,0
38.918,559.0,29.8,1,0,0
39.506,569.0,30.3,1,0,0
40.094,580.0,30.8,1,0,0
40.682,591.0,31.3,1,0,0
41.27,602.0,31.8,1,0,0
41.858,612.0,32.3,1,0,0
42.446,623.0,32.8,1,0,0
43.034,634.0,33.3,1,0,0
43.622,645.0,33.8,1,0,0
44.21,655.0,34.3,1,0,0
44.799,666.0,34.8,1,0,0
45.387,677.0,35.3,1,0,0
45.975,688.0,35.8,1,0,0
46.563,698.0,36.3,1,0,0
47.151,709.0,36.8,1,0,0
47.739,720.0,37.3,1,0,0
48.327,731.0,37.8,1,0,0
48.915,742.0,38.3,1,0,0
49.503,752.0,38.8,1,0,0
50.091,763.0,39.3,1,0,0
50.679,774.0,39.8,1,0,0
51.267,785.0,40.3,1,0,0
51.855,796.0,40.8,1,0,0
52.444,806.0,41.3,1,0,0
53.032,821.0,41.8,1,0,0
53.62,829.0,42.3,1,0,0
54.208,840.0,42.8,1,0,0
54.796,851.0,43.3,1,0,0
55.384,862.0,43.8,1,0,0
55.972,872.0,44.3,1,0,0
56.56,883.0,44.8,1,0,0
57.148,894.0,45.3,1,0,0
57.736,905.0,45.8,1,0,0
58.324,916.0,46.3,1,0,0
58.912,926.0,46.8,1,0,0
59.5,937.0,47.3,1,0,0
60.088,948.0,47.8,1,0,0
60.677,959.0,48.3,1,0,0
61.265,970.0,48.8,1,0,0
61.853,980.0,49.3,1,0,0
62.441,991.0,49.8,1,0,0
63.029,1002.0,50.3,1,2,3
63.617,1013.0,50.8,1,2,3
64.205,1024.0,51.3,1,2,3
64.793,1035.0,51.8,1,2,3
65.381,1045.0,52.3,1,2,3
65.969,1056.0,52.8,1,2,3
66.557,1067.0,53.3,1,2,3
67.145,1078.0,53.8,1,2,3
67.733,1089.0,54.3,1,2,3
68.322,1099.0,54.8,1,2,3
68.91,1111.0,55.3,1,2,3
69.498,1121.0,55.8,1,2,3
70.086,1132.0,56.3,1,2,3
74.79,1218.0,60.3,1,2,3
79.495,1305.0,64.3,1,2,3
84.2,1391.0,68.3,1,2,3
88.904,1478.0,72.3,1,2,3
93.609,1596.0,76.3,1,2,3
98.313,1680.0,80.3,1,2,3
103.018,1768.0,84.3,1,2,3
107.722,1856.0,88.3,1,2,3
112.427,1944.0,92.3,1,2,3
117.132,2032.0,96.3,1,2,3
121.836,2121.0,100.3,1,2,3
126.541,2208.0,104.3,1,2,3
131.245,2296.0,108.3,1,2,3
135.95,2383.0,112.3,1,2,3
140.655,2473.0,116.3,1,2,3
145.359,2559.0,120.3,1,2,3
150.064,2647.0,124.3,1,2,3
154.768,2730.0,128.3,1,2,3
159.473,2830.0,132.3,1,2,3
164.178,2911.0,136.3,1,2,3
168.882,2998.0,140.3,1,2,3
173.587,3086.0,144.3,1,2,3
178.291,3174.0,148.3,1,2,3
182.996,3261.0,152.3,1,2,3
187.701,3349.0,156.3,1,2,3
192.405,3437.0,160.3,1,2,3
197.11,3524.0,164.3,1,2,3
201.814,3612.0,168.3,1,2,3
206.519,3699.0,172.3,1,2,3
211.224,3787.0,176.3,1,2,3
215.928,3874.0,180.3,1,2,3
220.633,3960.0,184.3,1,2,3
225.337,4048.0,188.3,1,2,3
230.042,4136.0,192.3,1,2,3
234.747,4222.0,196.3,1,2,3
239.451,4309.0,200.3,1,2,3
244.156,4397.0,204.3,1,2,3
248.86,4483.0,208.3,1,2,3
253.565,4570.0,212.3,1,2,3
258.27,4658.0,216.3,1,2,3
262.974,4744.0,220.3,1,2,3
267.679,4831.0,224.3,1,2,3
272.383,4915.0,228.3,1,2,3
277.088,5004.0,232.3,1,2,3
281.792,5103.0,236.3,1,2,3
286.497,5176.0,240.3,1,2,3
291.202,5263.0,244.3,1,2,3
295.906,5350.0,248.3,1,2,3
300.611,5436.0,252.3,1,2,3
305.315,5522.0,256.3,1,2,3
310.02,5608.0,260.3,1,2,3
314.725,5694.0,264.3,1,2,3
319.429,5780.0,268.3,1,2,3
324.134,5866.0,272.3,1,2,3
328.838,5952.0,276.3,1,2,3
333.543,6038.0,280.3,1,2,3
338.248,6123.0,284.3,1,2,3
342.952,6209.0,288.3,1,2,3
347.657,6294.0,292.3,1,2,3
352.361,6379.0,296.3,1,2,3
357.066,6464.0,300.3,1,2,3
361.771,6552.0,304.3,1,2,3
366.475,6634.0,308.3,1,2,3
371.18,6720.0,312.3,1,2,3
375.884,6807.0,316.3,1,2,3
380.589,6890.0,320.3,1,2,3
385.294,6974.0,324.3,1,2,3
389.998,7057.0,328.3,1,2,3
394.703,7144.0,332.3,1,2,3
399.407,7225.0,336.3,1,2,3
404.112,7309.0,340.3,1,2,3
408.817,7393.0,344.3,1,2,3
413.521,7477.0,348.3,1,2,3
418.226,7563.0,352.3,1,2,3
422.93,7646.0,356.3,1,2,3
427.635,7728.0,360.3,1,2,3
432.339,7810.0,364.3,1,2,3
437.044,7893.0,368.3,1,2,3
441.749,7977.0,372.3,1,2,3
446.453,8059.0,376.3,1,2,3
451.158,8145.0,380.3,1,2,3
455.862,8225.0,384.3,1,2,3
460.567,8309.0,388.3,1,2,3
465.272,8391.0,392.3,1,2,3
469.976,8472.0,396.3,1,2,3
474.681,8554.0,400.3,1,2,3
479.385,8634.0,404.3,1,2,3
484.09,8717.0,408.3,1,2,3
488.795,8800.0,412.3,1,2,3
493.499,8911.0,416.3,1,2,3
498.204,8971.0,420.3,1,2,3
502.908,9051.0,424.3,1,2,3
507.613,9128.0,428.3,1,2,3
512.318,9202.0,432.3,1,2,3
517.022,9274.0,436.3,1,2,3
521.727,9350.0,440.3,1,2,3
526.431,9423.0,444.3,1,2,3
531.136,9498.0,448.3,1,2,3
535.841,9575.0,452.3,1,2,3
540.545,9649.0,456.3,1,2,3
545.25,9725.0,460.3,1,2,3
549.954,9800.0,464.3,1,2,3
554.659,9878.0,468.3,1,2,3
549.954,9800.0,464.3,1,2,3
545.25,9724.0,460.3,1,2,3
540.545,9649.0,456.3,1,2,3
535.841,9574.0,452.3,1,2,3
531.136,9497.0,448.3,1,2,3
526.431,9424.0,444.3,1,2,3
521.727,9348.0,440.3,1,2,3
517.022,9273.0,436.3,1,2,3
512.318,9199.0,432.3,1,2,3
507.613,9126.0,428.3,1,2,3
502.908,9051.0,424.3,1,2,3
498.204,8970.0,420.3,1,2,3
493.499,8889.0,416.3,1,2,3
488.795,8780.0,412.3,1,2,3
484.09,8720.0,408.3,1,2,3
479.385,8637.0,404.3,1,2,3
474.681,8558.0,400.3,1,2,3
469.976,8475.0,396.3,1,2,3
465.272,8393.0,392.3,1,2,3
460.567,8311.0,388.3,1,2,3
455.862,8226.0,384.3,1,2,3
451.158,8144.0,380.3,1,2,3
446.453,8062.0,376.3,1,2,3
441.749,7979.0,372.3,1,2,3
437.044,7893.0,368.3,1,2,3
432.339,7812.0,364.3,1,2,3
427.635,7731.0,360.3,1,2,3
422.93,7647.0,356.3,1,2,3
418.226,7560.0,352.3,1,2,3
413.521,7479.0,348.3,1,2,3
408.817,7395.0,344.3,1,2,3
404.112,7312.0,340.3,1,2,3
399.407,7228.0,336.3,1,2,3
394.703,7143.0,332.3,1,2,3
389.998,7063.0,328.3,1,2,3
385.294,6975.0,324.3,1,2,3
380.589,6892.0,320.3,1,2,3
375.884,6808.0,316.3,1,2,3
371.18,6720.0,312.3,1,2,3
366.475,6634.0,308.3,1,2,3
361.771,6554.0,304.3,1,2,3
357.066,6466.0,300.3,1,2,3
352.361,6380.0,296.3,1,2,3
347.657,6295.0,292.3,1,2,3
342.952,6210.0,288.3,1,2,3
338.248,6125.0,284.3,1,2,3
333.543,6039.0,280.3,1,2,3
328.838,5953.0,276.3,1,2,3
324.134,5869.0,272.3,1,2,3
319.429,5781.0,268.3,1,2,3
314.725,5696.0,264.3,1,2,3
310.02,5610.0,260.3,1,2,3
305.315,5524.0,256.3,1,2,3
300.611,5437.0,252.3,1,2,3
295.906,5352.0,248.3,1,2,3
291.202,5265.0,244.3,1,2,3
286.497,5179.0,240.3,1,2,3
281.792,5092.0,236.3,1,2,3
277.088,4995.0,232.3,1,2,3
272.383,4920.0,228.3,1,2,3
267.679,4834.0,224.3,1,2,3
262.974,4746.0,220.3,1,2,3
258.27,4660.0,216.3,1,2,3
253.565,4574.0,212.3,1,2,3
248.86,4486.0,208.3,1,2,3
244.156,4399.0,204.3,1,2,3
239.451,4313.0,200.3,1,2,3
234.747,4225.0,196.3,1,2,3
230.042,4138.0,192.3,1,2,3
225.337,4051.0,188.3,1,2,3
220.633,3964.0,184.3,1,2,3
215.928,3877.0,180.3,1,2,3
211.224,3789.0,176.3,1,2,3
206.519,3701.0,172.3,1,2,3
201.814,3615.0,168.3,1,2,3
197.11,3527.0,164.3,1,2,3
192.405,3444.0,160.3,1,2,3
187.701,3352.0,156.3,1,2,3
182.996,3264.0,152.3,1,2,3
178.291,3177.0,148.3,1,2,3
173.587,3089.0,144.3,1,2,3
168.882,3001.0,140.3,1,2,3
164.178,2914.0,136.3,1,2,3
159.473,2826.0,132.3,1,2,3
154.768,2733.0,128.3,1,2,3
150.064,2651.0,124.3,1,2,3
145.359,2563.0,120.3,1,2,3
140.655,2475.0,116.3,1,2,3
135.95,2387.0,112.3,1,2,3
131.245,2299.0,108.3,1,2,3
126.541,2214.0,104.3,1,2,3
121.836,2123.0,100.3,1,2,3
117.132,2035.0,96.3,1,2,3
112.427,1948.0,92.3,1,2,3
107.722,1859.0,88.3,1,2,3
103.018,1771.0,84.3,1,2,3
98.313,1684.0,80.3,1,2,3
93.609,1596.0,76.3,1,2,3
88.904,1478.0,72.3,1,2,3
84.2,1394.0,68.3,1,2,3
79.495,1308.0,64.3,1,2,3
74.79,1221.0,60.3,1,2,3
70.086,1134.0,56.3,1,2,3
65.381,1047.0,52.3,1,2,3
64.793,1036.0,51.8,1,2,3
64.205,1025.0,51.3,1,2,3
63.617,1014.0,50.8,1,2,3
63.029,1004.0,50.3,1,2,3
62.441,992.0,49.8,1,2,3
61.853,982.0,49.3,1,2,3
61.265,971.0,48.8,1,0,0
60.677,960.0,48.3,1,0,0
60.088,949.0,47.8,1,0,0
59.5,939.0,47.3,1,0,0
58.912,927.0,46.8,1,0,0
58.324,917.0,46.3,1,0,0
57.736,906.0,45.8,1,0,0
57.148,895.0,45.3,1,0,0
56.56,884.0,44.8,1,0,0
55.972,873.0,44.3,1,0,0
55.384,863.0,43.8,1,0,0
54.796,852.0,43.3,1,0,0
54.208,841.0,42.8,1,0,0
53.62,830.0,42.3,1,0,0
53.032,819.0,41.8,1,0,0
52.444,805.0,41.3,1,0,0
51.855,797.0,40.8,1,0,0
51.267,786.0,40.3,1,0,0
50.679,775.0,39.8,1,0,0
50.091,764.0,39.3,1,0,0
49.503,754.0,38.8,1,0,0
48.915,743.0,38.3,1,0,0
48.327,732.0,37.8,1,0,0
47.739,721.0,37.3,1,0,0
47.151,710.0,36.8,1,0,0
46.563,699.0,36.3,1,0,0
45.975,689.0,35.8,1,0,0
45.387,678.0,35.3,1,0,0
44.799,667.0,34.8,1,0,0
44.21,656.0,34.3,1,0,0
43.622,645.0,33.8,1,0,0
43.034,635.0,33.3,1,0,0
42.446,624.0,32.8,1,0,0
41.858,613.0,32.3,1,0,0
41.27,603.0,31.8,1,0,0
40.682,592.0,31.3,1,0,0
40.094,581.0,30.8,1,0,0
39.506,570.0,30.3,1,0,0
38.918,560.0,29.8,1,0,0
38.33,549.0,29.3,1,0,0
37.742,538.0,28.8,1,0,0
37.154,527.0,28.3,1,0,0
36.566,516.0,27.8,1,0,0
35.977,506.0,27.3,1,0,0
35.389,495.0,26.8,1,0,0
34.801,484.0,26.3,1,0,0
34.213,474.0,25.8,1,0,0
33.625,463.0,25.3,1,0,0
33.037,452.0,24.8,1,0,0
32.449,441.0,24.3,1,0,0
31.861,431.0,23.8,1,0,0
31.273,420.0,23.3,1,0,0
30.685,408.0,22.8,1,0,0
30.097,398.0,22.3,1,0,0
29.509,387.0,21.8,1,0,0
28.921,376.0,21.3,1,0,0
28.332,366.0,20.8,1,0,0
27.744,355.0,20.3,1,0,0
27.156,344.0,19.8,1,0,0
26.568,334.0,19.3,1,0,0
25.98,323.0,18.8,1,0,0
25.392,312.0,18.3,1,0,0
24.804,302.0,17.8,1,0,0
24.216,291.0,17.3,1,0,0
23.628,280.0,16.8,1,0,0
23.04,270.0,16.3,1,0,0
22.452,259.0,15.8,1,0,0
21.864,249.0,15.3,1,0,0
21.276,238.0,14.8,1,0,0
20.688,228.0,14.3,1,0,0
20.099,217.0,13.8,1,0,0
19.511,206.0,13.3,1,0,0
19.276,201.0,13.1,1,0,0
19.041,198.0,12.9,1,0,0
18.806,194.0,12.7,1,0,0
18.57,190.0,12.5,1,0,0
18.335,185.0,12.3,1,0,0
18.1,181.0,12.1,1,0,0
17.865,177.0,11.9,1,0,0
17.63,173.0,11.7,1,0,0
17.394,168.0,11.5,1,0,0
17.159,164.0,11.3,1,0,0
16.924,160.0,11.1,1,0,0
16.689,156.0,10.9,1,0,0
16.453,152.0,10.7,1,0,0
16.218,147.0,10.5,1,0,0
15.983,143.0,10.3,1,0,0
15.748,139.0,10.1,1,0,0
15.512,135.0,9.9,1,0,0
15.277,131.0,9.7,1,0,0
15.042,127.0,9.5,1,0,0
14.807,122.0,9.3,1,0,0
14.572,118.0,9.1,1,0,0
14.336,114.0,8.9,1,0,0
14.101,110.0,8.7,1,0,0
13.866,106.0,8.5,1,0,0
13.631,102.0,8.3,1,0,0
13.395,98.0,8.1,1,0,0
13.16,94.0,7.9,1,0,0
12.925,89.0,7.7,1,0,0
12.69,85.0,7.5,1,0,0
12.454,81.0,7.3,1,0,0
12.219,77.0,7.1,1,0,0
11.984,73.0,6.9,1,0,0
11.749,69.0,6.7,1,0,0
11.514,65.0,6.5,0,0,0
11.278,61.0,6.3,0,0,0
11.043,57.0,6.1,0,0,0
10.808,53.0,5.9,0,0,0
10.573,49.0,5.7,0,0,0
10.337,45.0,5.5,0,0,0
10.102,42.0,5.3,0,0,0
9.867,38.0,5.1,0,0,0
9.632,34.0,4.9,0,0,0
9.396,30.0,4.7,0,0,0
9.161,27.0,4.5,0,0,0
8.926,24.0,4.3,0,0,0
8.691,20.0,4.1,0,0,0
8.456,18.0,3.9,0,0,0
8.22,15.0,3.7,0,0,0
7.985,13.0,3.5,0,0,0
7.75,12.0,3.3,0,0,0
7.515,11.0,3.1,0,0,0
7.279,10.0,2.9,0,0,0
7.044,9.0,2.7,0,0,0
6.809,9.0,2.5,0,0,0
6.574,9.0,2.3,0,0,0
6.338,9.0,2.1,0,0,0
6.103,9.0,1.9,0,0,0
5.868,9.0,1.7,0,0,0
5.633,9.0,1.5,0,0,0
5.398,9.0,1.3,0,0,0
5.162,9.0,1.1,0,0,0
4.927,9.0,0.9,0,0,0
4.692,9.0,0.7,0,0,0
4.457,9.0,0.5,0,0,0
4.221,9.0,0.3,0,0,0
3.986,9.0,0.1,0,0,0
3.751,9.0,-0.1,0,0,0
3.516,9.0,-0.3,0,0,0
3.281,9.0,-0.5,0,0,0
3.045,9.0,-0.7,0,0,0
2.81,9.0,-0.9,0,0,0
2.575,9.0,-1.1,0,0,0
2.34,9.0,-1.3,0,0,0
2.104,9.0,-1.5,0,0,0
1.869,9.0,-1.7,0,0,0
1.634,9.0,-1.9,0,0,0
1.399,9.0,-2.1,0,0,0
1.163,9.0,-2.3,0,0,0
0.928,9.0,-2.5,0,0,0
0.928,9.0,-2.5,0,0,0
