1499.426,77.171
1495.94,76.872
1492.729,76.705
1464.567,75.307
1461.15,75.04
1458.627,74.874
1454.572,74.707
1451.359,74.541
1447.202,74.341
1444.292,74.175
1440.316,74.042
1437.995,73.842
1432.833,73.675
1429.022,73.442
1427.912,73.276
1423.972,73.109
1420.995,72.943
1417.406,72.81
1414.182,72.61
1411.398,72.443
1407.734,72.277
1404.688,72.177
1401.18,71.977
1397.546,71.711
1394.501,71.578
1391.806,71.411
1389.277,71.245
1385.298,71.078
1382.838,70.945
1379.635,70.779
1376.322,70.612
1373.64,70.512
1368.939,70.346
1365.961,70.113
1363.809,69.946
1360.14,69.78
1358.153,69.613
1355.264,69.514
1351.451,69.347
1349.02,69.181
1345.948,69.048
1343.16,68.914
1338.746,68.748
1336.392,68.515
1334.023,68.382
1330.87,68.248
1327.927,68.082
1325.578,67.949
1322.631,67.816
1320.267,67.649
1316.959,67.516
1314.738,67.383
1311.8,67.25
1308.296,67.083
1305.605,66.883
1302.825,66.717
1300.048,66.617
1297.19,66.451
1294.271,66.284
1291.214,66.184
1288.878,66.051
1285.771,65.885
1282.13,65.785
1279.231,65.585
1277.667,65.418
1275.552,65.319
1272.306,65.185
1270.2,65.019
1266.901,64.919
1264.749,64.753
1261.985,64.619
1259.704,64.52
1255.718,64.386
1253.234,64.187
1250.923,64.087
1249.247,63.92
1246.015,63.787
1244.315,63.687
1241.059,63.521
1238.384,63.388
1236.222,63.288
1234.214,63.155
1229.65,63.021
1226.939,62.855
1225.757,62.688
1223.136,62.555
1220.808,62.455
1218.379,62.322
1215.502,62.222
1213.709,62.089
1210.878,61.989
1208.854,61.856
1205.408,61.723
1203.041,61.556
1200.747,61.423
1197.813,61.29
1196.16,61.19
1195.451,61.057
1192.278,60.957
1189.72,60.824
1186.989,60.724
1184.54,60.591
1181.383,60.458
1179.417,60.325
1176.609,60.191
1175.542,60.058
1173.841,59.958
1171.059,59.825
1168.654,59.725
1165.964,59.592
1163.493,59.492
1161.677,59.392
1158.594,59.292
1155.71,59.126
1154.489,58.993
1152.464,58.893
1150.041,58.76
1147.77,58.66
1145.685,58.527
1143.709,58.46
1141.077,58.327
1139.593,58.227
1136.031,58.094
1134.094,57.927
1132.24,57.861
1130.547,57.728
1128.747,57.628
1126.428,57.528
1124.215,57.428
1122.092,57.295
1119.613,57.228
1118.076,57.095
1114.778,57.028
1112.969,56.862
1110.926,56.729
1108.435,56.629
1107.887,56.562
1105.506,56.429
1102.853,56.363
1101.69,56.229
1099.198,56.163
1097.005,56.03
1094.711,55.897
1092.427,55.797
1091.553,55.663
1089.149,55.564
1086.958,55.464
1085.455,55.364
1082.684,55.264
1080.892,55.197
1079.117,55.064
1076.868,54.998
1074.212,54.898
1072.572,54.765
1071.389,54.631
1069.108,54.565
1067.829,54.432
1065.943,54.365
1063.144,54.232
1061.786,54.165
1059.681,54.099
1058.496,53.965
1055.21,53.899
1052.882,53.766
1051.386,53.599
1049.287,53.533
1047.257,53.399
1045.885,53.333
1043.51,53.266
1041.951,53.133
1039.528,53.067
1038.083,52.933
1035.668,52.833
1033.611,52.7
1032.462,52.667
1030.336,52.567
1028.511,52.434
1026.365,52.334
1024.475,52.267
1023.129,52.201
1021.808,52.101
1019.65,52.001
1017.42,51.868
1016.183,51.801
1014.789,51.668
1012.384,51.602
1010.839,51.502
1009.099,51.435
1007.582,51.369
1005.576,51.269
1003.882,51.169
1001.572,51.069
1000.8,50.969
997.716,50.869
996.319,50.803
994.378,50.736
993.59,50.636
991.783,50.57
990.618,50.47
988.667,50.403
987.327,50.336
985.681,50.203
983.494,50.137
982.477,50.037
980.775,49.97
979.642,49.904
977.289,49.77
975.269,49.737
974.97,49.604
971.994,49.537
971.053,49.438
968.988,49.371
966.499,49.238
966.85,49.171
964.243,49.105
962.197,49.005
960.93,48.938
959.602,48.905
957.81,48.772
957.167,48.705
955.438,48.605
953.329,48.539
951.868,48.472
950.454,48.405
948.733,48.339
947.836,48.272
946.017,48.139
944.775,48.106
942.684,47.973
940.965,47.906
939.746,47.839
937.957,47.74
937.14,47.673
935.321,47.573
933.558,47.507
932.359,47.473
931.657,47.407
929.51,47.307
928.032,47.24
925.514,47.14
925.519,47.074
923.19,47.007
921.682,46.874
920.299,46.841
919.511,46.741
918.223,46.707
916.892,46.641
914.966,46.574
913.533,46.474
912.25,46.408
910.652,46.308
908.874,46.241
907.742,46.175
906.201,46.075
904.96,46.008
905.051,45.975
902.366,45.908
901.101,45.842
899.706,45.742
897.057,45.675
896.522,45.609
894.867,45.542
893.105,45.442
892.254,45.376
890.483,45.342
889.599,45.243
888.728,45.209
886.639,45.143
886.718,45.043
884.845,44.976
882.995,44.91
881.545,44.843
880.459,44.743
879.349,44.643
877.85,44.643
877.221,44.577
875.392,44.51
873.833,44.443
872.826,44.344
871.612,44.344
870.618,44.21
868.0,44.177
867.446,44.077
866.927,43.977
864.671,43.944
863.836,43.911
862.907,43.811
861.077,43.778
859.178,43.711
858.839,43.678
858.188,43.578
855.684,43.511
853.871,43.411
853.369,43.345
851.942,43.278
851.817,43.278
850.158,43.178
849.335,43.145
847.441,43.045
846.351,42.979
845.105,42.912
843.255,42.879
841.743,42.746
841.827,42.712
840.458,42.679
839.011,42.646
838.006,42.546
836.452,42.512
835.671,42.413
834.464,42.346
833.268,42.279
831.246,42.246
830.431,42.146
830.112,42.08
828.246,42.046
826.573,42.013
825.941,41.913
824.505,41.88
824.119,41.813
823.074,41.713
821.809,41.68
819.061,41.647
819.411,41.514
818.192,41.514
817.117,41.447
816.12,41.414
814.393,41.314
812.477,41.281
812.998,41.214
811.286,41.181
809.958,41.081
808.285,41.014
806.648,40.914
807.198,40.881
804.694,40.848
804.029,40.814
803.363,40.781
802.172,40.681
800.791,40.648
799.131,40.581
799.37,40.548
797.021,40.448
796.295,40.382
795.046,40.348
794.571,40.282
793.216,40.248
792.301,40.182
791.58,40.149
790.511,40.082
789.162,40.049
788.573,39.982
786.533,39.916
786.347,39.816
785.741,39.816
784.604,39.749
782.861,39.716
782.927,39.649
780.717,39.583
779.988,39.549
778.656,39.516
777.598,39.416
775.737,39.383
776.346,39.316
774.596,39.25
773.461,39.183
772.996,39.15
771.979,39.117
770.918,39.083
769.779,39.017
768.409,38.95
768.38,38.883
765.903,38.883
766.096,38.784
763.459,38.75
764.133,38.684
762.137,38.617
761.413,38.584
760.538,38.551
760.269,38.517
758.488,38.417
756.592,38.351
756.466,38.351
755.126,38.284
753.648,38.251
753.814,38.151
752.496,38.118
751.466,38.084
750.611,38.051
750.293,37.985
748.764,37.918
747.896,37.885
746.593,37.851
745.81,37.751
745.012,37.718
743.486,37.685
743.024,37.652
742.521,37.552
741.293,37.518
739.503,37.485
739.622,37.452
737.533,37.352
737.071,37.352
736.635,37.285
735.239,37.252
735.069,37.219
733.196,37.152
732.919,37.119
732.149,37.052
730.791,37.019
729.951,36.952
729.98,36.919
727.788,36.886
726.855,36.819
726.066,36.753
725.611,36.719
724.533,36.686
723.914,36.619
723.425,36.586
721.338,36.52
720.339,36.486
719.935,36.453
718.494,36.42
718.099,36.386
717.244,36.287
716.639,36.253
715.959,36.22
715.003,36.187
714.832,36.12
712.677,36.087
712.71,36.053
711.791,36.02
710.455,35.92
710.137,35.887
708.744,35.854
708.131,35.82
706.828,35.787
706.768,35.754
705.43,35.687
703.839,35.621
703.578,35.587
703.16,35.554
702.181,35.487
700.917,35.454
700.683,35.421
698.701,35.388
698.922,35.354
697.619,35.254
696.713,35.254
695.201,35.188
695.278,35.155
694.603,35.088
692.884,35.055
692.163,35.021
691.803,34.988
690.573,34.955
690.064,34.922
689.99,34.855
688.932,34.822
687.731,34.755
687.455,34.722
685.721,34.655
684.632,34.622
684.381,34.589
683.531,34.555
683.702,34.522
682.683,34.455
680.463,34.422
680.634,34.389
679.425,34.356
677.851,34.322
677.955,34.256
676.46,34.222
675.838,34.156
674.978,34.156
674.189,34.122
673.698,34.023
673.788,34.023
672.24,33.989
671.81,33.956
670.834,33.889
669.323,33.823
668.53,33.756
667.124,33.723
665.793,33.69
666.14,33.59
664.139,33.556
664.396,33.49
661.543,33.423
661.314,33.39
660.345,33.323
658.413,33.29
656.01,33.19
655.51,33.124
653.985,33.09
653.502,32.957
651.923,32.924
650.95,32.857
649.859,32.791
648.757,32.724
647.011,32.691
645.343,32.591
643.26,32.524
641.232,32.458
640.626,32.358
639.452,32.291
638.133,32.225
636.325,32.125
635.345,32.092
634.16,32.025
632.354,31.925
631.13,31.858
628.683,31.759
626.651,31.659
625.718,31.592
623.926,31.492
621.861,31.392
620.283,31.292
618.58,31.226
616.965,31.126
614.79,31.026
613.946,30.926
610.787,30.86
610.222,30.76
608.145,30.66
606.101,30.56
604.091,30.46
602.048,30.394
600.342,30.26
597.679,30.194
596.372,30.061
594.766,29.994
591.898,29.861
588.198,29.661
585.795,29.561
584.007,29.395
581.278,29.228
578.57,29.128
574.795,28.962
572.515,28.829
569.817,28.696
567.033,28.562
563.541,28.396
560.033,28.263
558.708,28.096
555.748,27.963
552.59,27.863
549.915,27.663
546.875,27.497
544.82,27.364
542.563,27.264
540.44,27.131
537.149,27.064
534.868,26.864
532.156,26.731
530.26,26.631
527.744,26.498
525.121,26.398
523.18,26.265
520.811,26.132
517.816,26.032
516.075,25.899
513.448,25.799
510.803,25.633
508.487,25.499
506.442,25.4
503.196,25.3
501.626,25.2
499.109,25.067
497.725,24.933
495.282,24.834
493.527,24.767
490.575,24.634
488.891,24.467
486.849,24.367
484.743,24.301
483.647,24.168
480.773,24.101
478.891,23.968
477.215,23.901
474.823,23.768
473.201,23.635
470.58,23.568
468.62,23.468
466.663,23.335
465.166,23.269
462.841,23.136
460.92,23.069
459.752,22.936
457.456,22.869
455.518,22.736
453.758,22.669
451.003,22.57
449.242,22.436
447.368,22.337
445.929,22.237
443.554,22.137
442.564,22.07
440.297,21.937
438.851,21.87
436.599,21.804
436.032,21.704
433.016,21.637
430.813,21.471
429.639,21.404
428.205,21.304
426.491,21.238
425.217,21.138
423.04,21.071
421.803,21.005
419.854,20.905
419.002,20.838
416.582,20.772
414.923,20.639
413.13,20.572
411.779,20.472
410.479,20.405
408.88,20.306
407.603,20.239
406.17,20.172
404.591,20.073
403.026,20.006
400.553,19.939
399.402,19.806
397.708,19.773
396.715,19.673
395.181,19.606
393.533,19.54
391.941,19.44
391.436,19.373
389.004,19.34
388.172,19.24
386.045,19.174
384.966,19.04
383.667,19.007
382.5,18.941
381.049,18.841
379.547,18.774
378.529,18.741
377.176,18.641
376.059,18.574
374.205,18.541
372.789,18.474
370.947,18.375
370.276,18.308
369.373,18.208
367.379,18.175
366.94,18.108
365.066,18.008
363.65,17.975
362.883,17.908
361.97,17.875
359.807,17.775
359.025,17.709
357.837,17.642
356.062,17.576
355.65,17.509
354.518,17.476
352.836,17.442
352.196,17.342
351.366,17.309
349.996,17.243
348.06,17.176
347.107,17.076
345.952,17.043
345.121,16.976
344.084,16.91
343.272,16.876
341.533,16.843
340.89,16.743
340.062,16.71
338.789,16.643
336.821,16.61
335.875,16.51
334.837,16.477
334.215,16.444
333.039,16.344
332.179,16.31
331.118,16.244
330.092,16.21
328.782,16.144
328.521,16.077
326.875,16.044
325.667,15.977
325.707,15.911
324.026,15.878
322.96,15.811
321.623,15.811
321.333,15.778
319.946,15.678
319.569,15.644
317.89,15.611
317.195,15.511
316.102,15.445
315.475,15.445
314.352,15.378
313.508,15.312
312.52,15.278
311.917,15.245
310.797,15.178
310.001,15.145
308.75,15.078
307.955,15.045
306.619,14.979
306.073,14.945
305.003,14.845
304.08,14.845
303.329,14.812
302.247,14.779
301.774,14.679
300.841,14.646
300.066,14.612
298.666,14.579
298.157,14.479
297.314,14.446
296.399,14.413
295.77,14.379
295.019,14.346
294.2,14.313
293.491,14.246
292.323,14.246
291.278,14.18
290.26,14.146
289.405,14.046
289.305,14.013
288.13,13.98
287.543,13.98
286.707,13.947
285.903,13.913
285.175,13.813
284.506,13.78
283.311,13.747
282.387,13.713
281.631,13.614
280.909,13.614
280.245,13.58
279.559,13.547
278.63,13.514
277.523,13.48
277.329,13.414
275.802,13.381
275.832,13.347
274.859,13.314
273.999,13.281
273.059,13.214
272.316,13.181
271.592,13.147
271.084,13.114
270.34,13.081
269.709,13.014
269.408,12.981
268.605,12.948
267.382,12.914
266.685,12.881
265.363,12.881
265.108,12.815
264.399,12.781
264.09,12.748
263.072,12.715
262.956,12.648
261.961,12.648
261.23,12.581
260.61,12.548
259.777,12.515
259.311,12.482
258.493,12.482
258.018,12.448
257.398,12.382
256.588,12.348
255.47,12.315
255.057,12.282
255.139,12.249
253.787,12.182
253.07,12.149
252.332,12.115
251.93,12.115
251.08,12.082
250.989,12.049
250.016,11.982
249.483,11.949
248.36,11.949
248.335,11.882
247.198,11.882
246.724,11.816
246.029,11.816
245.635,11.749
245.389,11.749
244.744,11.716
244.207,11.683
243.145,11.649
242.493,11.616
242.247,11.549
241.171,11.549
240.827,11.483
240.157,11.483
239.604,11.449
239.113,11.449
238.045,11.416
237.814,11.35
237.436,11.316
236.8,11.316
236.056,11.283
235.465,11.25
235.017,11.216
234.162,11.216
233.934,11.15
233.472,11.117
232.799,11.083
232.535,11.083
231.678,11.05
231.007,11.017
230.424,10.983
229.965,10.917
229.42,10.883
228.728,10.883
228.468,10.85
227.807,10.817
227.22,10.817
226.737,10.784
226.192,10.717
225.579,10.717
224.843,10.684
224.323,10.65
224.008,10.617
223.306,10.617
223.16,10.584
222.342,10.517
222.111,10.517
221.404,10.484
221.265,10.484
220.768,10.451
219.786,10.417
219.387,10.417
218.851,10.384
218.196,10.317
217.909,10.284
217.542,10.284
217.039,10.251
216.438,10.218
215.932,10.218
215.246,10.184
215.026,10.151
214.134,10.151
213.823,10.084
212.908,10.051
212.757,10.018
212.204,10.018
211.924,10.018
211.349,9.985
210.86,9.951
210.653,9.951
209.912,9.885
209.387,9.851
209.22,9.818
208.842,9.818
208.163,9.785
207.682,9.785
207.188,9.752
206.626,9.685
206.517,9.685
205.836,9.652
205.622,9.652
204.799,9.618
204.304,9.585
203.865,9.585
203.395,9.552
202.9,9.552
202.786,9.485
202.493,9.452
201.835,9.452
201.299,9.419
201.01,9.419
200.267,9.385
199.827,9.352
199.652,9.352
198.95,9.319
198.628,9.252
198.199,9.252
197.653,9.219
197.238,9.219
196.818,9.186
196.518,9.186
195.67,9.152
195.6,9.152
194.976,9.119
194.71,9.052
194.4,9.052
193.936,9.019
193.709,9.019
193.1,8.986
192.743,8.986
192.136,8.952
191.567,8.952
191.363,8.919
190.771,8.853
190.723,8.853
190.028,8.819
189.795,8.819
189.198,8.786
188.958,8.786
188.472,8.753
188.118,8.719
187.593,8.719
187.253,8.653
186.665,8.653
186.694,8.62
186.108,8.62
185.965,8.586
185.238,8.586
185.106,8.553
184.492,8.553
184.122,8.52
183.829,8.52
183.337,8.486
182.809,8.486
182.812,8.42
182.078,8.386
182.016,8.386
181.648,8.386
181.027,8.353
180.844,8.32
180.53,8.32
179.807,8.32
179.396,8.287
179.144,8.287
178.85,8.22
178.432,8.22
178.262,8.187
178.008,8.153
177.707,8.153
176.994,8.153
176.658,8.12
176.095,8.12
175.824,8.087
175.382,8.02
175.224,8.02
174.79,8.02
174.486,7.987
174.077,7.987
173.781,7.954
173.598,7.954
173.034,7.954
172.816,7.92
172.449,7.887
171.952,7.887
171.609,7.887
171.31,7.82
171.301,7.82
170.812,7.787
170.767,7.787
170.183,7.754
169.496,7.754
169.126,7.754
169.081,7.721
168.921,7.687
168.569,7.687
168.044,7.687
167.906,7.654
167.404,7.654
167.019,7.587
166.736,7.587
166.433,7.587
166.234,7.554
165.916,7.521
165.446,7.521
165.051,7.488
164.911,7.488
164.4,7.488
164.159,7.454
163.98,7.454
163.577,7.454
163.126,7.454
162.599,7.388
161.715,7.354
161.247,7.321
160.323,7.288
159.56,7.254
158.865,7.188
158.127,7.155
157.419,7.121
156.611,7.088
156.142,7.055
154.449,6.988
152.467,6.888
150.434,6.755
148.235,6.655
145.971,6.522
144.048,6.422
141.917,6.289
139.648,6.222
136.994,6.089
135.216,5.923
132.869,5.823
130.888,5.723
129.085,5.623
127.333,5.523
125.432,5.423
123.813,5.323
122.171,5.224
120.458,5.157
118.606,5.057
116.948,4.957
114.614,4.891
113.15,4.791
111.456,4.624
