1523.706,1518.057,86.854
1523.459,1517.835,86.854
1522.983,1517.33,86.821
1522.14,1516.575,86.788
1520.803,1515.267,86.688
1519.343,1513.823,86.621
1517.986,1512.574,86.588
1516.57,1511.258,86.522
1515.159,1509.935,86.422
1513.771,1508.58,86.355
1512.403,1507.114,86.255
1510.828,1505.752,86.189
1509.345,1504.421,86.122
1507.817,1502.985,86.022
1506.471,1501.745,85.956
1505.044,1500.425,85.856
1503.724,1499.072,85.789
1502.243,1497.758,85.722
1500.746,1496.355,85.689
1499.3,1495.022,85.556
1497.976,1493.593,85.523
1496.451,1492.327,85.423
1494.834,1490.745,85.356
1493.408,1489.483,85.29
1491.985,1488.002,85.19
1490.36,1486.613,85.123
1488.93,1485.335,85.023
1487.576,1484.029,84.957
1486.193,1482.64,84.89
1484.815,1481.288,84.79
1483.531,1480.052,84.724
1482.168,1478.859,84.69
1480.709,1477.469,84.59
1479.379,1476.183,84.524
1478.067,1474.813,84.457
1476.508,1473.504,84.324
1475.022,1472.106,84.258
1473.677,1470.735,84.158
1472.245,1469.489,84.124
1470.823,1468.123,84.091
1469.506,1466.871,83.958
1468.202,1465.461,83.891
1466.702,1464.325,83.858
1465.281,1462.942,83.758
1464.075,1461.541,83.692
1462.566,1460.402,83.625
1461.052,1458.998,83.525
1459.756,1457.699,83.459
1458.494,1456.427,83.425
1456.901,1455.186,83.292
1455.614,1453.855,83.259
1454.316,1452.492,83.192
1452.865,1451.14,83.092
1451.44,1449.797,82.992
1450.168,1448.703,82.926
1448.938,1447.32,82.859
1447.478,1446.034,82.793
1446.14,1444.866,82.726
1444.967,1443.419,82.659
1443.559,1442.268,82.593
1442.124,1440.977,82.493
1440.804,1439.645,82.426
1439.578,1438.413,82.393
1438.175,1437.238,82.293
1436.772,1435.931,82.227
1435.479,1434.563,82.16
1434.208,1433.521,82.06
1432.791,1432.117,81.994
1431.623,1430.947,81.96
1430.223,1429.544,81.86
1428.977,1428.456,81.794
1427.62,1427.187,81.694
1426.34,1425.877,81.627
1424.928,1424.58,81.594
1423.592,1423.397,81.527
1422.29,1422.264,81.428
1421.086,1420.897,81.361
1419.816,1419.793,81.261
1418.385,1418.43,81.228
1416.981,1417.146,81.161
1415.714,1415.952,81.061
1414.399,1414.694,80.995
1413.243,1413.538,80.928
1412.056,1412.236,80.862
1410.9,1411.193,80.795
1409.74,1410.045,80.728
1408.43,1408.461,80.629
1407.016,1407.414,80.595
1405.71,1406.065,80.529
1404.511,1404.989,80.429
1403.361,1403.641,80.362
1401.969,1402.473,80.329
1400.665,1401.294,80.229
1399.407,1399.972,80.162
1398.135,1398.901,80.096
1396.712,1397.584,80.029
1395.223,1396.208,79.963
1393.992,1395.078,79.896
1392.776,1393.888,79.796
1391.621,1392.8,79.763
1390.339,1391.595,79.696
1389.165,1390.444,79.596
1387.827,1389.246,79.563
1386.632,1388.066,79.497
1385.451,1386.868,79.397
1384.188,1385.76,79.363
1382.821,1384.509,79.297
1381.622,1383.208,79.197
1380.305,1382.123,79.164
1379.056,1380.948,79.097
1377.833,1379.792,79.03
1376.647,1378.577,78.964
1375.407,1377.398,78.897
1374.137,1376.225,78.831
1373.009,1375.04,78.731
1371.634,1373.916,78.698
1370.423,1372.695,78.631
1369.298,1371.647,78.531
1368.089,1370.406,78.498
1366.882,1369.364,78.431
1365.586,1368.117,78.365
1364.425,1366.932,78.298
1363.101,1365.849,78.231
1361.853,1364.643,78.132
1360.683,1363.497,78.098
1359.48,1362.331,78.032
1358.272,1361.273,77.998
1357.175,1360.267,77.898
1356.09,1358.842,77.865
1354.505,1357.812,77.732
1353.292,1356.573,77.699
1352.13,1355.56,77.632
1350.99,1354.328,77.599
1349.802,1353.267,77.499
1348.611,1352.072,77.432
1347.422,1350.927,77.399
1346.228,1349.854,77.299
1344.991,1348.723,77.266
1343.848,1347.636,77.199
1342.793,1346.455,77.099
1341.529,1345.496,77.066
1340.499,1344.416,77.0
1339.365,1343.124,76.966
1337.781,1341.774,76.866
1336.486,1340.7,76.8
1335.166,1339.596,76.733
1334.015,1338.456,76.667
1332.925,1337.45,76.6
1331.784,1336.385,76.567
1330.783,1335.373,76.467
1329.512,1334.246,76.434
1328.36,1333.15,76.367
1327.222,1332.13,76.334
1326.097,1330.968,76.234
1324.919,1329.915,76.167
1323.776,1328.749,76.134
1322.605,1327.681,76.034
1321.355,1326.557,76.001
1320.144,1325.464,75.934
1318.807,1324.201,75.834
1317.69,1323.211,75.768
1316.499,1322.039,75.734
1315.318,1320.932,75.634
1313.978,1319.67,75.601
1312.823,1318.604,75.535
1311.735,1317.603,75.501
1310.711,1316.54,75.401
1309.631,1315.578,75.368
1308.604,1314.53,75.302
1307.5,1313.553,75.235
1306.413,1312.524,75.202
1305.406,1311.513,75.135
1304.212,1310.43,75.069
1303.124,1309.411,75.002
1302.09,1308.309,74.935
1300.853,1307.274,74.902
1299.716,1306.215,74.802
1298.55,1305.054,74.769
1297.465,1303.991,74.702
1296.388,1302.99,74.669
1295.417,1302.048,74.569
1294.389,1301.079,74.536
1293.428,1300.087,74.503
1292.459,1299.129,74.403
1291.395,1298.093,74.369
1290.446,1297.174,74.303
1289.427,1296.19,74.269
1288.377,1295.018,74.236
1287.224,1294.057,74.136
1286.073,1292.94,74.103
1285.037,1291.941,74.036
1283.925,1290.927,73.937
1282.966,1289.986,73.937
1281.99,1289.007,73.87
1280.962,1288.042,73.77
1279.894,1286.977,73.737
1278.875,1286.007,73.703
1277.82,1285.071,73.637
1276.726,1284.081,73.57
1275.714,1283.074,73.537
1274.761,1282.14,73.47
1273.612,1281.109,73.437
1272.606,1280.152,73.337
1271.649,1279.106,73.304
1270.442,1278.17,73.237
1269.276,1277.148,73.204
1268.225,1276.033,73.104
1267.095,1275.003,73.071
1265.971,1273.981,73.038
1264.754,1272.845,72.938
1263.734,1271.855,72.904
1262.721,1270.826,72.838
1261.674,1269.881,72.805
1260.616,1268.924,72.705
1259.602,1268.003,72.671
1258.486,1266.956,72.605
1257.45,1265.989,72.571
1256.493,1264.983,72.472
1255.426,1264.078,72.438
1254.313,1263.002,72.405
1253.289,1261.939,72.305
1252.16,1260.984,72.239
1251.114,1260.007,72.205
1250.11,1259.035,72.172
1249.104,1258.005,72.105
1248.046,1257.09,72.039
1246.949,1256.08,72.005
1245.966,1255.016,71.906
1244.892,1254.077,71.872
1243.812,1253.063,71.806
1242.805,1252.18,71.772
1241.844,1251.146,71.739
1240.717,1250.217,71.639
1239.695,1249.2,71.606
1238.706,1248.167,71.539
1237.636,1247.264,71.473
1236.605,1246.267,71.439
1235.676,1245.312,71.373
1234.686,1244.282,71.34
1233.762,1243.443,71.273
1232.719,1242.402,71.206
1231.776,1241.382,71.173
1230.755,1240.519,71.14
1229.758,1239.472,71.04
1228.843,1238.567,70.973
1227.898,1237.533,70.973
1226.88,1236.738,70.907
1225.835,1235.662,70.84
1224.884,1234.666,70.774
1223.856,1233.771,70.74
1222.866,1232.741,70.64
1221.962,1231.897,70.607
1221.017,1231.012,70.574
1220.165,1230.158,70.541
1219.249,1229.333,70.441
1218.331,1228.426,70.407
1217.316,1227.487,70.374
1216.448,1226.609,70.341
1215.696,1225.56,70.308
1214.518,1224.765,70.208
1213.472,1223.748,70.174
1212.562,1222.884,70.141
1211.522,1221.955,70.108
1210.748,1221.136,70.008
1209.833,1220.284,69.941
1208.902,1219.398,69.908
1207.967,1218.525,69.875
1207.08,1217.654,69.808
1205.989,1216.789,69.775
1205.182,1215.91,69.708
1204.366,1214.965,69.675
1203.268,1213.916,69.608
1202.021,1212.926,69.542
1201.155,1212.061,69.508
1200.188,1211.231,69.475
1199.346,1210.293,69.375
1198.371,1209.445,69.342
1197.455,1208.503,69.309
1196.511,1207.694,69.242
1195.545,1206.668,69.176
1194.435,1205.691,69.142
1193.527,1204.813,69.076
1192.604,1203.931,69.042
1191.736,1203.141,68.976
1190.806,1202.208,68.942
1189.794,1201.401,68.876
1188.95,1200.355,68.876
1188.135,1199.615,68.776
1187.141,1198.726,68.743
1186.248,1197.899,68.709
1185.475,1197.042,68.676
1184.569,1195.813,68.576
1183.326,1194.916,68.51
1182.378,1194.023,68.476
1181.439,1193.194,68.443
1180.557,1192.301,68.41
1179.701,1191.441,68.31
1178.761,1190.513,68.277
1177.856,1189.554,68.243
1176.902,1188.667,68.21
1176.046,1187.741,68.11
1175.117,1186.881,68.077
1174.239,1185.973,68.044
1173.332,1185.074,67.944
1172.389,1184.201,67.944
1171.542,1183.307,67.877
1170.462,1182.23,67.844
1169.496,1181.403,67.744
1168.586,1180.548,67.711
1167.504,1179.601,67.677
1166.581,1178.58,67.611
1165.591,1177.723,67.577
1164.688,1176.862,67.511
1163.838,1176.064,67.478
1162.892,1175.242,67.444
1162.019,1174.387,67.378
1161.103,1173.637,67.311
1160.275,1172.889,67.278
1159.396,1172.016,67.244
1158.484,1171.162,67.178
1157.662,1170.4,67.111
1156.715,1169.461,67.078
1155.785,1168.544,67.045
1154.924,1167.711,66.978
1154.027,1166.96,66.978
1153.173,1166.087,66.878
1152.337,1165.144,66.845
1151.383,1164.362,66.812
1150.505,1163.448,66.778
1149.703,1162.687,66.679
1148.848,1161.755,66.645
1148.051,1160.975,66.612
1147.102,1160.041,66.579
1146.285,1159.191,66.545
1145.274,1158.246,66.445
1144.27,1157.407,66.412
1143.322,1156.543,66.379
1142.528,1155.819,66.279
1141.709,1154.985,66.246
1140.891,1154.153,66.212
1140.057,1153.34,66.179
1139.158,1152.508,66.146
1138.26,1151.66,66.079
1137.448,1150.897,66.046
1136.698,1150.055,66.013
1135.678,1149.321,65.946
1134.717,1148.407,65.913
1133.909,1147.543,65.846
1132.96,1146.708,65.78
1132.07,1145.856,65.746
1131.23,1145.061,65.713
1130.317,1144.214,65.646
1129.428,1143.471,65.613
1128.563,1142.577,65.58
1127.703,1141.754,65.513
1126.772,1140.941,65.447
1125.857,1140.11,65.413
1125.038,1139.329,65.38
1124.26,1138.46,65.347
1123.321,1137.695,65.247
1122.41,1136.856,65.214
1121.685,1135.979,65.18
1120.783,1135.214,65.147
1119.817,1134.365,65.114
1119.001,1133.599,65.08
1118.205,1132.737,65.014
1117.365,1131.993,64.947
1116.441,1131.141,64.914
1115.662,1130.259,64.881
1114.739,1129.523,64.814
1113.857,1128.696,64.781
1113.063,1127.923,64.747
1112.365,1127.089,64.714
1111.448,1126.351,64.614
1110.541,1125.511,64.581
1109.69,1124.657,64.548
1108.706,1123.745,64.481
1107.754,1122.956,64.415
1106.947,1122.161,64.381
1106.12,1121.413,64.348
1105.356,1120.689,64.315
1104.495,1119.976,64.281
1103.771,1119.105,64.248
1102.835,1118.359,64.181
1101.942,1117.552,64.148
1101.144,1116.765,64.115
1100.326,1115.94,64.082
1099.435,1115.204,63.982
1098.555,1114.397,63.948
1097.848,1113.618,63.915
1096.868,1112.882,63.882
1096.034,1112.033,63.849
1095.313,1111.325,63.782
1094.427,1110.497,63.749
1093.564,1109.747,63.682
1092.722,1108.952,63.649
1091.895,1108.159,63.582
1091.044,1107.414,63.549
1090.284,1106.614,63.516
1089.501,1105.832,63.482
1088.654,1104.997,63.416
1087.867,1104.284,63.416
1087.112,1103.503,63.349
1085.493,1102.113,63.249
1084.572,1101.205,63.216
1083.733,1100.331,63.149
1082.939,1099.627,63.116
1082.118,1098.898,63.083
1081.31,1098.143,63.049
1080.542,1097.341,63.016
1079.712,1096.626,62.95
1078.898,1095.891,62.916
1078.107,1095.155,62.883
1077.384,1094.364,62.85
1076.548,1093.601,62.816
1075.699,1092.87,62.717
1074.875,1092.12,62.683
1074.08,1091.395,62.65
1073.274,1090.622,62.617
1072.487,1089.893,62.583
1071.741,1089.104,62.517
1070.887,1088.347,62.484
1070.102,1087.641,62.45
1069.318,1086.81,62.417
1068.516,1086.135,62.384
1067.679,1085.343,62.317
1066.895,1084.657,62.25
1066.217,1083.837,62.25
1065.326,1083.146,62.217
1064.477,1082.368,62.117
1063.727,1081.594,62.084
1062.913,1080.979,62.051
1062.053,1080.16,62.017
1061.271,1079.458,61.984
1060.519,1078.717,61.918
1059.745,1078.001,61.884
1059.024,1077.401,61.851
1058.301,1076.472,61.818
1057.389,1075.852,61.751
1056.572,1075.016,61.751
1055.905,1074.296,61.684
1055.132,1073.527,61.651
1054.418,1072.861,61.618
1053.677,1072.075,61.585
1052.954,1071.305,61.485
1052.115,1070.595,61.485
1051.363,1069.875,61.451
1050.622,1069.16,61.418
1047.009,1065.733,61.218
1045.958,1064.846,61.185
1045.212,1064.162,61.085
1044.437,1063.392,61.052
1043.723,1062.751,61.019
1042.97,1061.973,60.985
1042.289,1061.228,60.952
1041.398,1060.56,60.919
1039.129,1058.403,60.786
1038.308,1057.683,60.752
1037.615,1056.977,60.719
1036.978,1056.191,60.652
1036.144,1055.546,60.619
1035.415,1054.787,60.586
1034.68,1054.153,60.552
1034.001,1053.414,60.519
1033.216,1052.706,60.453
1032.508,1052.011,60.419
1031.829,1051.3,60.386
1031.033,1050.645,60.353
1030.257,1049.855,60.319
1029.533,1049.143,60.253
1028.877,1048.451,60.22
1028.104,1047.761,60.186
1026.303,1046.063,60.086
1025.168,1044.981,60.02
1024.368,1044.158,59.986
1023.547,1043.395,59.953
1022.725,1042.653,59.92
1021.913,1041.887,59.887
1021.172,1041.154,59.787
1020.079,1040.148,59.753
1019.228,1039.375,59.72
1018.372,1038.507,59.687
1017.623,1037.81,59.62
1016.78,1037.081,59.554
1016.006,1036.255,59.52
1015.045,1035.382,59.487
1014.206,1034.572,59.42
1013.516,1033.849,59.387
1012.655,1033.06,59.354
1011.78,1032.208,59.287
1010.936,1031.44,59.254
1010.001,1030.566,59.187
1009.205,1029.82,59.154
1008.409,1029.098,59.121
1007.632,1028.303,59.088
1006.867,1027.611,59.054
1006.058,1026.816,58.988
1005.06,1025.866,58.954
1004.243,1025.066,58.888
1003.455,1024.331,58.854
1002.681,1023.593,58.788
1001.936,1022.868,58.755
1001.116,1022.046,58.721
1000.243,1021.17,58.688
999.25,1020.262,58.655
998.503,1019.499,58.555
997.756,1018.741,58.522
997.004,1017.87,58.488
996.171,1017.116,58.455
995.33,1016.414,58.422
994.7,1015.645,58.355
993.768,1014.864,58.322
993.067,1014.116,58.289
992.397,1013.216,58.255
991.394,1012.485,58.155
990.591,1011.786,58.122
989.895,1011.051,58.089
989.099,1010.265,58.055
988.301,1009.511,58.022
987.534,1008.644,57.956
986.697,1007.902,57.922
985.875,1007.112,57.889
985.133,1006.401,57.856
984.365,1005.724,57.822
983.616,1004.992,57.723
982.814,1004.123,57.723
981.871,1003.375,57.689
981.163,1002.666,57.623
980.374,1001.915,57.589
979.593,1001.195,57.589
978.933,1000.561,57.489
978.144,999.474,57.456
977.007,998.7,57.423
976.239,997.963,57.323
975.503,997.225,57.323
974.745,996.484,57.256
974.029,995.792,57.256
973.308,995.133,57.223
972.552,994.349,57.19
971.829,993.59,57.123
971.095,992.886,57.057
970.35,992.136,57.023
969.603,991.415,56.99
968.831,990.674,56.923
968.075,989.923,56.89
967.373,989.257,56.857
966.685,988.548,56.824
965.999,987.852,56.79
965.304,987.114,56.757
964.634,986.291,56.69
963.701,985.574,56.657
963.06,984.916,56.624
962.413,984.29,56.591
961.736,983.669,56.557
960.991,982.969,56.491
960.347,982.291,56.457
959.61,981.626,56.457
958.685,980.764,56.391
957.947,980.081,56.357
957.227,979.363,56.291
956.468,978.646,56.258
955.678,977.754,56.224
954.805,977.037,56.191
954.088,976.442,56.158
953.404,975.8,56.091
952.739,975.128,56.058
952.048,974.527,56.025
951.374,973.841,55.991
950.695,973.195,55.958
949.732,972.371,55.925
948.994,971.678,55.858
948.324,971.03,55.825
947.716,970.319,55.791
946.967,969.761,55.758
946.296,969.084,55.725
945.664,968.434,55.725
944.996,967.758,55.625
944.273,966.981,55.592
943.458,966.327,55.558
942.653,965.582,55.558
941.985,964.932,55.459
941.318,964.326,55.459
940.673,963.681,55.392
939.994,963.075,55.392
939.273,962.385,55.359
938.559,961.716,55.325
937.862,961.086,55.259
937.221,960.45,55.225
936.506,959.8,55.192
935.689,959.095,55.159
935.018,958.504,55.126
934.312,957.892,55.092
933.618,957.057,55.026
932.739,956.393,54.992
932.013,955.77,54.959
931.326,955.15,54.926
930.588,954.42,54.926
929.9,953.761,54.826
929.19,953.005,54.793
928.45,952.357,54.759
927.67,951.634,54.726
927.014,951.04,54.726
926.375,950.413,54.693
925.712,949.802,54.626
925.094,949.012,54.593
924.271,948.335,54.56
923.552,947.728,54.526
922.913,947.156,54.493
922.257,946.545,54.426
921.63,945.977,54.393
920.941,945.041,54.36
919.993,944.406,54.327
919.286,943.783,54.293
918.65,943.221,54.26
917.902,942.511,54.193
917.183,941.896,54.16
916.534,941.124,54.16
915.706,940.452,54.094
915.011,939.797,54.094
914.407,939.224,53.994
913.649,938.524,53.994
913.018,937.949,53.96
912.365,937.167,53.927
911.507,936.553,53.894
910.823,935.908,53.86
910.223,935.304,53.794
909.524,934.651,53.761
908.887,934.034,53.727
908.274,933.303,53.694
907.456,932.676,53.661
906.692,931.886,53.594
905.979,931.305,53.561
905.344,930.728,53.528
904.77,930.142,53.528
904.134,929.434,53.494
903.425,928.856,53.461
902.808,928.24,53.428
902.11,927.631,53.361
901.485,926.974,53.328
900.808,926.38,53.294
900.183,925.658,53.261
899.348,924.981,53.228
898.751,924.38,53.228
898.092,923.79,53.161
897.42,923.166,53.128
896.617,922.42,53.095
895.968,921.794,53.061
895.35,921.242,53.028
894.682,920.646,52.962
894.112,920.031,52.928
893.446,919.369,52.895
892.693,918.778,52.862
892.112,918.075,52.862
891.258,917.467,52.762
890.678,916.905,52.762
890.09,916.319,52.728
889.472,915.782,52.695
888.798,915.213,52.662
888.094,914.372,52.629
887.363,913.755,52.595
886.645,913.219,52.529
885.846,912.514,52.495
885.282,911.937,52.495
884.781,911.332,52.429
884.126,910.733,52.429
883.351,910.058,52.396
882.615,909.469,52.329
881.988,908.84,52.296
881.42,908.302,52.262
880.837,907.697,52.262
879.012,905.941,52.129
878.38,905.375,52.096
877.792,904.807,52.096
877.258,904.167,52.063
876.631,903.644,52.029
876.067,903.055,51.996
875.496,902.481,51.929
874.904,901.943,51.896
874.33,901.434,51.896
873.728,900.899,51.863
873.072,900.26,51.83
872.272,899.542,51.796
871.612,898.971,51.763
871.048,898.391,51.696
870.408,897.88,51.696
869.807,897.352,51.663
869.162,896.735,51.63
868.532,896.103,51.596
867.934,895.507,51.563
867.338,894.957,51.497
866.696,894.359,51.497
866.095,893.706,51.463
865.48,893.128,51.43
863.518,891.251,51.297
862.942,890.732,51.297
862.415,890.143,51.264
861.749,889.548,51.23
861.134,888.938,51.197
860.554,888.405,51.164
859.979,887.864,51.097
859.388,887.259,51.064
858.748,886.684,51.064
858.105,886.128,51.03
857.575,885.46,50.997
855.33,883.452,50.864
854.725,882.935,50.831
854.123,882.375,50.797
853.533,881.81,50.797
852.949,881.306,50.764
852.38,880.732,50.731
851.805,880.206,50.664
851.139,879.636,50.631
850.609,879.099,50.631
850.033,878.564,50.598
849.429,877.973,50.564
848.875,877.457,50.531
848.238,876.851,50.531
847.651,876.254,50.465
847.123,875.772,50.431
846.554,875.113,50.398
845.893,874.549,50.398
845.251,873.968,50.365
844.654,873.429,50.331
844.099,872.893,50.265
843.577,872.331,50.231
842.991,871.651,50.231
842.361,871.148,50.198
841.79,870.601,50.165
841.297,870.095,50.132
840.721,869.582,50.098
840.165,869.031,50.032
839.509,868.344,50.032
838.846,867.716,49.998
838.115,867.079,49.965
837.489,866.475,49.932
836.916,865.939,49.899
836.34,865.399,49.832
835.805,864.929,49.799
835.271,864.384,49.799
834.684,863.873,49.765
834.131,863.355,49.765
833.554,862.788,49.732
832.979,862.24,49.699
832.446,861.609,49.632
831.78,861.096,49.599
831.191,860.534,49.566
830.634,860.014,49.566
830.085,859.486,49.532
829.546,858.978,49.499
829.011,858.336,49.432
828.284,857.753,49.399
827.672,857.108,49.366
827.098,856.627,49.366
826.563,856.083,49.333
826.02,855.551,49.299
825.556,855.044,49.266
825.018,854.556,49.266
824.444,854.007,49.199
823.943,853.512,49.166
823.444,853.054,49.166
822.971,852.527,49.133
822.421,851.796,49.099
821.711,851.245,49.066
821.28,850.759,49.0
820.662,850.229,49.0
820.161,849.637,48.966
819.455,849.105,48.933
819.052,848.485,48.9
818.329,847.962,48.9
817.852,847.401,48.866
817.229,846.858,48.8
816.589,846.245,48.767
816.028,845.701,48.733
815.465,845.259,48.733
814.999,844.716,48.7
814.461,844.218,48.667
814.001,843.796,48.667
813.425,843.276,48.6
812.879,842.725,48.567
812.27,842.048,48.533
811.718,841.545,48.5
810.999,840.995,48.467
810.611,840.506,48.467
809.952,839.968,48.434
808.518,838.701,48.334
808.173,838.216,48.3
807.636,837.659,48.3
806.984,837.1,48.267
806.501,836.565,48.234
805.226,835.389,48.167
804.636,834.808,48.134
804.092,834.333,48.101
803.558,833.825,48.067
802.99,833.355,48.034
802.508,832.862,48.034
801.905,832.352,47.967
801.338,831.75,47.934
800.813,831.227,47.901
800.215,830.763,47.901
799.808,830.22,47.868
799.148,829.76,47.834
798.9,829.312,47.834
798.369,828.866,47.768
797.838,828.319,47.734
797.328,827.748,47.734
796.829,827.292,47.701
796.374,826.848,47.668
795.852,826.379,47.668
795.284,825.906,47.635
794.804,825.486,47.601
794.302,825.023,47.601
793.794,824.539,47.535
793.313,824.068,47.501
792.749,823.595,47.501
792.297,823.126,47.468
791.545,822.482,47.435
791.073,821.943,47.401
790.542,821.458,47.401
789.883,820.943,47.335
789.395,820.516,47.302
788.957,820.056,47.302
788.371,819.498,47.268
787.782,818.981,47.235
787.316,818.5,47.202
786.952,818.017,47.202
786.313,817.52,47.135
785.78,817.053,47.102
785.103,816.448,47.102
784.642,815.965,47.069
784.029,815.398,47.035
783.574,814.883,47.002
783.075,814.348,46.935
782.482,813.806,46.935
781.93,813.363,46.902
781.491,812.854,46.869
780.841,812.348,46.835
780.36,811.904,46.835
779.888,811.29,46.835
779.182,810.795,46.802
778.594,810.34,46.769
778.073,809.911,46.702
777.594,809.396,46.669
777.035,808.877,46.636
776.545,808.372,46.636
776.001,807.913,46.602
775.566,807.44,46.602
775.128,807.035,46.569
774.675,806.629,46.503
774.223,806.185,46.503
773.756,805.73,46.469
773.205,805.25,46.436
772.624,804.648,46.436
772.075,804.143,46.403
771.59,803.721,46.369
771.047,803.178,46.369
770.575,802.773,46.303
770.114,802.329,46.27
769.506,801.714,46.236
768.987,801.237,46.236
768.466,800.797,46.203
767.997,800.34,46.17
767.542,799.932,46.17
767.037,799.466,46.103
766.446,798.885,46.103
765.944,798.403,46.07
765.312,797.85,46.036
764.727,797.278,46.003
764.235,796.8,45.97
763.735,796.339,45.97
763.235,795.849,45.937
762.768,795.387,45.87
762.227,794.91,45.837
761.707,794.382,45.837
761.251,793.912,45.803
760.729,793.429,45.803
760.294,792.976,45.77
759.803,792.477,45.737
759.341,792.008,45.67
758.811,791.497,45.67
758.328,791.041,45.637
757.856,790.601,45.604
757.406,790.148,45.604
756.898,789.67,45.57
756.443,789.213,45.57
756.176,788.79,45.537
755.714,788.25,45.47
755.025,787.78,45.47
754.537,787.378,45.437
754.164,787.002,45.404
753.606,786.518,45.404
753.269,786.11,45.371
752.848,785.529,45.337
752.133,785.066,45.337
751.67,784.615,45.271
751.105,784.148,45.237
750.627,783.658,45.204
750.177,783.273,45.204
749.691,782.745,45.171
749.166,782.292,45.171
748.678,781.857,45.138
748.168,781.449,45.104
747.682,780.967,45.104
747.106,780.462,45.038
746.641,779.932,45.004
746.186,779.51,45.004
745.789,779.147,44.971
745.38,778.729,44.938
744.884,778.217,44.938
744.416,777.826,44.904
744.02,777.219,44.904
743.439,776.793,44.838
742.955,776.389,44.805
742.509,775.968,44.771
742.073,775.497,44.771
741.607,775.033,44.738
741.212,774.565,44.738
740.62,774.133,44.705
740.006,773.637,44.638
739.565,773.166,44.638
739.258,772.755,44.605
738.852,772.333,44.572
738.475,771.874,44.572
737.942,771.401,44.538
737.414,771.006,44.505
737.041,770.573,44.505
736.538,770.165,44.438
736.087,769.731,44.438
735.672,769.128,44.405
735.04,768.699,44.372
734.585,768.245,44.338
734.125,767.817,44.338
733.68,767.365,44.305
733.204,766.922,44.305
732.792,766.495,44.272
732.399,765.992,44.272
731.906,765.643,44.205
731.474,765.218,44.172
731.034,764.756,44.172
730.505,764.325,44.139
730.126,763.798,44.105
729.6,763.364,44.072
729.087,762.941,44.072
728.608,762.523,44.006
728.176,762.075,44.006
727.759,761.709,43.972
727.336,761.164,43.972
726.75,760.712,43.939
726.276,760.339,43.906
725.828,759.916,43.906
725.352,759.453,43.872
724.817,759.069,43.806
724.459,758.532,43.806
723.953,758.087,43.772
723.521,757.651,43.739
723.089,757.192,43.739
722.629,756.758,43.706
722.18,756.306,43.673
721.792,755.869,43.673
721.343,755.455,43.606
720.979,755.075,43.606
720.552,754.705,43.573
720.158,754.341,43.573
719.685,753.868,43.539
719.218,753.303,43.506
718.715,752.885,43.506
718.309,752.563,43.473
717.903,752.152,43.473
717.47,751.748,43.44
717.029,751.313,43.373
716.575,750.931,43.373
716.177,750.509,43.34
715.675,750.026,43.306
715.224,749.585,43.306
714.819,749.217,43.273
714.375,748.737,43.273
713.97,748.305,43.24
713.523,747.994,43.24
713.163,747.594,43.173
712.712,747.175,43.14
712.326,746.825,43.14
711.876,746.417,43.14
711.424,746.013,43.107
711.019,745.638,43.073
710.611,745.216,43.073
710.151,744.797,43.04
709.684,744.417,43.04
709.234,743.946,42.973
708.777,743.591,42.94
708.362,743.093,42.94
707.896,742.724,42.907
707.405,742.354,42.874
706.995,741.894,42.874
706.468,741.456,42.84
706.163,741.084,42.84
705.663,740.57,42.84
704.993,740.0,42.74
704.461,739.502,42.74
703.798,738.991,42.707
703.278,738.371,42.674
702.671,737.861,42.64
702.09,737.213,42.64
701.4,736.648,42.541
700.801,736.118,42.541
700.261,735.622,42.507
699.634,735.047,42.507
699.096,734.528,42.474
698.608,733.905,42.441
697.892,733.355,42.407
697.35,732.88,42.341
696.767,732.382,42.308
696.2,731.778,42.274
695.677,731.285,42.274
695.273,730.633,42.241
694.44,730.073,42.208
693.858,729.585,42.141
693.406,729.074,42.141
692.845,728.573,42.108
692.173,727.967,42.075
691.665,727.426,42.041
690.978,726.86,42.041
690.476,726.38,42.008
690.054,725.951,41.941
689.329,725.34,41.908
688.802,724.863,41.908
688.324,724.197,41.875
687.658,723.676,41.841
687.101,723.154,41.808
686.518,722.637,41.775
686.015,722.085,41.775
685.445,721.546,41.708
684.942,720.987,41.675
684.367,720.473,41.675
683.763,719.993,41.608
683.27,719.501,41.608
682.735,718.958,41.575
682.162,718.467,41.575
681.657,717.874,41.509
681.009,717.351,41.475
680.462,716.875,41.442
679.943,716.431,41.442
679.395,715.861,41.409
678.884,715.362,41.375
678.33,714.824,41.309
677.818,714.31,41.309
677.204,713.825,41.275
676.732,713.378,41.242
676.191,712.831,41.242
675.673,712.38,41.209
675.202,711.743,41.176
674.538,711.274,41.109
674.047,710.839,41.076
673.574,710.375,41.076
673.059,709.903,41.042
672.589,709.469,41.042
672.062,709.017,41.009
671.596,708.536,40.976
670.962,707.924,40.943
670.404,707.424,40.943
669.862,706.859,40.876
669.354,706.44,40.843
668.871,705.978,40.843
668.358,705.51,40.809
667.69,704.89,40.776
667.193,704.393,40.776
666.721,703.895,40.676
666.205,703.426,40.676
665.738,702.963,40.643
665.262,702.509,40.643
664.683,701.88,40.61
664.184,701.386,40.576
663.645,700.882,40.543
663.206,700.483,40.543
662.669,700.02,40.476
662.126,699.442,40.443
661.564,698.942,40.443
661.048,698.471,40.41
660.584,698.014,40.377
660.099,697.493,40.343
659.604,697.043,40.343
659.138,696.584,40.277
658.507,695.963,40.243
657.959,695.426,40.243
657.459,694.967,40.21
656.925,694.519,40.177
656.449,693.913,40.177
655.813,693.417,40.143
655.265,692.916,40.11
654.827,692.462,40.11
654.365,692.046,40.044
653.925,691.591,40.01
653.495,690.96,39.977
652.872,690.504,39.944
652.362,690.045,39.944
651.921,689.627,39.91
651.38,689.14,39.91
650.861,688.643,39.844
650.376,688.085,39.811
649.808,687.562,39.811
649.337,687.186,39.777
648.899,686.725,39.744
648.474,686.318,39.744
648.004,685.833,39.711
647.597,685.413,39.644
647.153,685.013,39.644
646.708,684.586,39.611
646.212,684.147,39.611
645.794,683.723,39.577
645.325,683.286,39.544
644.892,682.828,39.511
644.37,682.355,39.511
643.86,681.887,39.511
643.423,681.456,39.444
642.932,681.02,39.411
641.56,679.585,39.344
640.997,679.138,39.311
640.458,678.714,39.311
639.986,678.21,39.278
639.543,677.808,39.211
639.061,677.385,39.211
638.658,676.84,39.178
638.071,676.373,39.145
637.611,675.932,39.145
637.195,675.552,39.111
636.75,675.129,39.111
636.273,674.678,39.078
635.827,674.139,39.011
635.265,673.667,38.978
634.764,673.236,38.978
634.275,672.802,38.945
633.844,672.364,38.945
633.385,671.97,38.912
632.916,671.407,38.878
632.284,670.966,38.878
631.828,670.512,38.812
631.372,670.129,38.812
630.808,669.641,38.778
630.412,669.193,38.745
629.959,668.659,38.745
629.42,668.216,38.712
628.937,667.783,38.679
628.436,667.301,38.679
627.972,666.907,38.612
627.566,666.494,38.579
627.1,665.984,38.579
626.604,665.544,38.545
626.129,665.095,38.512
625.655,664.621,38.512
625.206,664.204,38.479
624.751,663.773,38.445
624.346,663.267,38.445
623.834,662.821,38.379
623.369,662.396,38.346
622.917,661.913,38.346
622.462,661.503,38.312
621.992,661.108,38.312
621.601,660.626,38.279
621.057,660.177,38.246
620.639,659.707,38.246
620.212,659.316,38.179
619.724,658.841,38.179
619.298,658.445,38.146
618.887,657.956,38.113
618.377,657.528,38.113
617.914,657.133,38.079
617.466,656.688,38.079
617.072,656.265,38.046
616.605,655.884,37.979
616.217,655.381,37.979
615.681,654.93,37.946
615.256,654.576,37.913
614.764,654.154,37.913
614.278,653.694,37.88
613.835,653.286,37.88
613.398,652.798,37.846
612.904,652.348,37.78
612.489,651.975,37.78
612.06,651.514,37.746
611.62,651.077,37.713
611.28,650.684,37.713
610.804,650.136,37.68
610.253,649.731,37.646
609.749,649.37,37.646
609.397,648.991,37.646
609.001,648.519,37.613
608.559,648.11,37.547
608.121,647.629,37.547
607.704,647.174,37.513
607.175,646.838,37.48
606.722,646.399,37.48
606.419,646.027,37.447
605.972,645.619,37.447
605.625,645.15,37.413
605.131,644.706,37.347
604.663,644.3,37.347
604.228,643.834,37.314
603.809,643.408,37.314
603.343,642.94,37.28
602.912,642.567,37.247
602.532,642.154,37.247
602.12,641.757,37.214
601.69,641.378,37.147
601.243,640.957,37.147
600.811,640.542,37.147
600.431,640.063,37.114
599.927,639.636,37.08
599.45,639.215,37.08
598.983,638.843,37.047
598.567,638.358,37.047
598.092,637.94,37.014
597.641,637.449,36.947
597.199,637.054,36.947
596.756,636.646,36.914
596.33,636.186,36.881
595.852,635.784,36.881
595.362,635.308,36.847
594.889,634.952,36.814
594.425,634.458,36.814
593.937,634.031,36.781
593.497,633.621,36.781
593.089,633.231,36.714
592.687,632.875,36.714
592.243,632.479,36.681
591.874,631.983,36.648
591.441,631.538,36.648
591.079,631.155,36.614
590.688,630.796,36.614
590.259,630.44,36.581
589.851,630.04,36.581
589.314,629.589,36.514
588.935,629.232,36.481
588.565,628.861,36.481
588.174,628.437,36.448
587.778,628.057,36.448
587.402,627.679,36.415
586.898,627.223,36.381
586.506,626.863,36.381
586.085,626.437,36.315
585.738,626.093,36.315
585.307,625.673,36.281
584.908,625.323,36.281
584.452,624.848,36.248
584.038,624.483,36.248
583.657,624.072,36.215
583.242,623.763,36.182
582.827,623.319,36.182
582.461,622.98,36.115
582.031,622.608,36.115
581.622,622.206,36.082
581.236,621.783,36.082
580.825,621.396,36.048
580.448,620.994,36.048
580.087,620.632,36.015
579.691,620.263,36.015
579.302,619.87,35.982
578.914,619.505,35.982
578.568,619.142,35.948
578.215,618.812,35.948
577.786,618.406,35.882
577.277,618.026,35.849
576.873,617.599,35.849
576.352,617.228,35.815
576.001,616.884,35.815
575.613,616.476,35.782
575.215,616.094,35.782
574.863,615.749,35.749
574.485,615.335,35.682
574.097,615.018,35.682
573.654,614.618,35.682
573.247,614.261,35.649
572.869,613.816,35.616
572.538,613.42,35.616
572.089,613.089,35.582
571.694,612.707,35.582
571.338,612.349,35.549
570.949,612.018,35.549
570.507,611.545,35.549
570.039,611.197,35.482
569.696,610.826,35.449
569.254,610.518,35.449
568.894,610.148,35.416
568.726,609.816,35.416
568.147,609.478,35.382
567.858,609.108,35.382
567.382,608.664,35.349
567.1,608.293,35.283
566.688,607.921,35.283
566.248,607.552,35.249
565.877,607.24,35.249
565.588,606.911,35.216
565.067,606.44,35.216
564.521,605.964,35.183
564.115,605.526,35.149
563.699,605.117,35.149
563.196,604.693,35.116
562.653,604.23,35.116
562.061,603.685,35.05
561.701,603.265,35.016
561.218,602.825,35.016
560.667,602.353,34.983
560.201,601.711,34.95
559.545,601.289,34.95
559.005,600.737,34.916
558.57,600.341,34.85
558.142,599.894,34.85
557.609,599.464,34.816
557.165,598.966,34.783
556.682,598.548,34.75
556.149,598.084,34.75
555.63,597.653,34.717
555.149,597.176,34.65
554.688,596.713,34.65
554.183,596.269,34.617
553.746,595.85,34.617
553.248,595.319,34.583
552.723,594.747,34.55
552.062,594.172,34.517
551.592,593.676,34.517
551.071,592.943,34.45
550.304,592.419,34.417
549.766,591.901,34.384
549.241,591.38,34.35
548.584,590.815,34.317
547.946,590.233,34.317
547.346,589.608,34.284
546.74,589.033,34.217
546.198,588.449,34.184
545.656,587.991,34.184
545.059,587.456,34.151
544.51,586.947,34.117
543.989,586.317,34.084
543.302,585.747,34.084
542.701,585.231,33.984
542.188,584.718,33.984
541.623,584.193,33.951
541.09,583.612,33.918
540.505,583.007,33.884
539.976,582.49,33.884
539.463,582.051,33.818
538.905,581.528,33.784
538.357,580.947,33.751
537.632,580.284,33.718
537.146,579.778,33.718
536.649,579.281,33.685
536.128,578.743,33.618
535.624,578.238,33.618
534.983,577.7,33.585
534.476,577.19,33.551
533.951,576.595,33.551
533.278,576.066,33.518
532.703,575.557,33.485
532.275,575.043,33.451
531.6,574.494,33.385
531.175,574.079,33.385
530.569,573.394,33.352
529.828,572.873,33.318
529.358,572.408,33.285
528.842,571.874,33.252
528.308,571.366,33.252
527.68,570.824,33.185
527.288,570.244,33.152
526.622,569.715,33.119
526.113,569.211,33.119
525.474,568.762,33.085
524.935,568.222,33.085
524.464,567.733,33.052
523.941,567.113,32.985
523.242,566.614,32.952
522.703,566.093,32.919
522.197,565.601,32.919
521.692,565.096,32.885
521.056,564.496,32.852
520.326,563.725,32.786
519.511,563.031,32.752
518.774,562.336,32.719
518.131,561.745,32.686
517.376,561.033,32.652
516.756,560.438,32.619
515.897,559.602,32.553
515.188,558.922,32.519
514.376,558.163,32.486
513.63,557.429,32.453
512.905,556.772,32.419
512.256,556.165,32.353
511.615,555.494,32.319
510.959,554.906,32.286
510.236,554.267,32.286
509.587,553.676,32.22
508.855,552.99,32.22
508.258,552.419,32.153
507.585,551.626,32.12
506.792,550.953,32.086
506.079,550.344,32.053
505.291,549.591,32.02
504.01,548.341,31.92
502.593,546.959,31.853
501.263,545.679,31.787
499.951,544.422,31.72
498.752,543.286,31.654
497.461,542.028,31.62
496.019,540.659,31.487
494.762,539.402,31.421
493.506,537.937,31.321
492.015,536.629,31.254
490.591,535.368,31.221
489.255,534.096,31.121
487.85,532.808,31.054
486.623,531.615,30.988
485.421,530.311,30.954
484.115,529.099,30.855
482.832,527.926,30.788
481.638,526.778,30.755
480.447,525.629,30.621
479.195,524.402,30.588
478.079,523.325,30.488
476.958,522.15,30.455
475.63,520.792,30.388
474.335,519.582,30.289
473.117,518.433,30.222
471.775,517.16,30.155
470.562,516.051,30.122
469.408,514.897,30.055
467.931,513.577,29.989
466.826,512.427,29.922
465.693,511.33,29.856
464.475,510.21,29.756
463.254,509.094,29.723
462.117,508.032,29.656
460.696,506.641,29.589
459.466,505.433,29.523
458.249,504.311,29.456
457.181,503.25,29.39
455.977,501.657,29.323
454.486,500.506,29.223
453.256,499.462,29.157
452.07,498.319,29.123
450.961,497.249,29.023
449.784,496.117,28.99
448.699,494.874,28.924
447.349,493.804,28.824
446.154,492.725,28.79
445.033,491.655,28.724
443.918,490.551,28.69
442.817,489.536,28.591
441.639,488.255,28.557
440.35,487.127,28.491
439.119,486.009,28.391
437.969,484.944,28.324
436.979,483.904,28.291
435.915,482.925,28.258
434.962,481.71,28.158
433.681,480.601,28.091
432.577,479.652,28.058
431.576,478.672,27.991
430.395,477.511,27.925
429.373,476.566,27.891
428.331,475.308,27.792
426.875,474.224,27.725
425.794,472.987,27.658
424.545,471.96,27.625
423.557,471.02,27.525
422.479,469.998,27.492
421.457,469.027,27.459
420.474,468.014,27.359
419.425,467.027,27.325
418.362,466.059,27.292
417.262,465.018,27.226
416.347,464.095,27.159
415.357,462.899,27.092
414.191,461.882,27.059
413.019,460.884,26.959
411.961,459.92,26.893
410.959,458.898,26.859
409.962,457.982,26.826
409.048,456.92,26.793
407.914,455.914,26.693
406.836,454.981,26.66
405.896,454.055,26.593
404.823,453.02,26.526
403.902,452.122,26.493
402.937,451.031,26.426
401.848,450.073,26.393
400.83,449.181,26.293
399.896,448.302,26.26
398.881,447.299,26.227
397.941,446.402,26.127
397.012,445.358,26.094
395.91,444.395,26.06
394.799,443.449,25.994
393.719,442.446,25.96
392.782,441.49,25.86
391.825,440.589,25.827
390.953,439.747,25.794
390.059,438.806,25.761
389.086,437.962,25.661
388.209,437.149,25.627
387.346,436.303,25.594
386.42,435.442,25.561
385.54,434.584,25.494
384.613,433.678,25.428
383.614,432.683,25.394
382.694,431.792,25.328
381.698,430.871,25.261
380.768,429.974,25.228
379.804,428.876,25.195
378.661,427.972,25.128
377.751,427.087,25.061
376.846,426.288,24.995
375.947,425.413,24.962
375.125,424.639,24.928
374.353,423.562,24.862
373.104,422.68,24.828
372.206,421.743,24.762
371.304,420.936,24.729
370.418,420.187,24.662
369.567,419.401,24.629
368.836,418.371,24.595
367.777,417.589,24.529
366.781,416.704,24.495
365.884,415.846,24.396
365.149,415.063,24.362
364.375,414.295,24.329
363.542,413.359,24.296
362.445,412.415,24.229
361.621,411.699,24.163
360.853,410.925,24.129
359.999,410.14,24.129
359.228,409.339,24.029
358.359,408.391,23.996
357.435,407.557,23.963
356.553,406.781,23.929
355.747,406.045,23.83
354.874,405.178,23.83
354.079,404.464,23.763
353.203,403.477,23.73
352.248,402.616,23.696
351.44,401.881,23.663
350.701,401.158,23.563
349.974,400.442,23.563
349.191,399.656,23.497
348.467,398.938,23.463
347.652,398.168,23.397
346.625,397.217,23.363
345.88,396.443,23.33
345.007,395.743,23.264
344.18,394.962,23.264
343.393,394.174,23.197
342.583,393.449,23.13
341.706,392.582,23.097
340.839,391.795,23.064
340.005,391.026,22.997
339.25,390.303,22.964
338.424,389.231,22.931
337.338,388.459,22.864
336.471,387.557,22.831
335.494,386.622,22.731
334.439,385.727,22.698
333.678,384.97,22.664
332.885,384.263,22.631
332.011,383.395,22.564
331.247,382.63,22.531
330.498,381.887,22.498
329.784,381.195,22.465
329.107,380.562,22.431
328.398,379.847,22.365
327.701,379.214,22.331
326.942,378.496,22.298
326.173,377.644,22.265
325.407,376.898,22.231
324.736,376.244,22.165
323.963,375.469,22.132
323.214,374.776,22.098
322.481,374.058,22.065
321.746,373.272,22.032
320.949,372.53,21.932
320.136,371.815,21.899
319.438,371.157,21.865
318.784,370.525,21.865
318.076,369.819,21.799
317.282,369.001,21.799
316.577,368.34,21.699
315.83,367.646,21.665
315.076,366.945,21.665
314.341,366.309,21.599
313.624,365.595,21.532
312.984,364.938,21.532
312.334,364.28,21.499
311.59,363.561,21.432
310.926,362.866,21.432
310.135,362.207,21.399
309.392,361.428,21.333
308.679,360.8,21.299
307.954,360.135,21.266
307.302,359.432,21.233
306.653,358.798,21.199
305.977,358.164,21.166
305.367,357.471,21.1
304.764,356.889,21.066
304.086,356.217,21.033
303.357,355.561,21.0
302.732,354.815,20.966
301.894,354.167,20.9
301.276,353.562,20.866
300.579,352.972,20.866
299.974,352.302,20.833
299.316,351.672,20.767
298.723,350.941,20.767
297.909,350.27,20.7
297.251,349.687,20.667
296.625,349.104,20.633
295.94,348.442,20.6
295.309,347.822,20.567
294.641,347.049,20.5
293.888,346.375,20.467
292.321,344.864,20.434
290.775,343.451,20.334
289.161,341.85,20.234
287.693,340.437,20.167
286.241,338.602,20.034
284.216,337.071,19.968
282.695,335.588,19.868
281.226,334.215,19.801
279.742,332.785,19.734
277.894,330.985,19.635
276.492,329.611,19.535
275.029,328.181,19.435
273.585,326.79,19.368
272.157,325.375,19.302
270.661,323.955,19.202
269.259,322.646,19.135
267.852,320.948,19.035
266.119,319.532,18.969
264.644,318.219,18.902
263.26,316.916,18.802
261.697,315.399,18.736
260.326,314.045,18.669
258.983,312.401,18.569
257.225,311.046,18.503
255.885,309.82,18.403
254.565,308.52,18.336
253.124,307.066,18.27
251.835,305.814,18.17
250.476,304.204,18.103
248.92,302.868,18.003
247.521,301.572,17.937
246.135,300.256,17.87
244.868,298.996,17.77
243.617,297.746,17.704
242.286,296.179,17.637
240.615,294.844,17.537
239.17,293.358,17.47
237.552,291.81,17.371
236.134,290.485,17.304
234.928,289.283,17.237
233.705,288.089,17.138
232.45,286.825,17.104
231.174,285.587,17.038
229.899,284.324,16.938
228.694,283.144,16.871
227.486,281.999,16.838
226.231,280.795,16.738
224.969,279.566,16.671
223.659,278.186,16.605
222.212,276.89,16.505
220.962,275.677,16.472
219.808,274.585,16.405
218.669,273.453,16.305
217.521,272.32,16.272
216.186,270.923,16.205
214.911,269.819,16.105
213.83,268.739,16.039
212.604,267.544,16.006
211.484,266.497,15.906
210.364,265.356,15.839
209.248,264.287,15.806
208.117,263.174,15.706
206.96,262.041,15.673
205.797,260.95,15.606
204.736,259.72,15.573
203.234,258.493,15.473
202.208,257.532,15.406
201.122,256.465,15.373
200.043,255.441,15.273
199.036,254.505,15.24
197.947,253.221,15.173
196.594,252.131,15.14
195.573,251.169,15.04
194.453,250.072,14.973
193.311,248.952,14.94
192.058,247.732,14.84
190.777,246.502,14.807
189.79,245.53,14.74
188.809,244.504,14.641
187.695,243.575,14.607
186.734,242.575,14.574
185.631,241.525,14.507
184.575,240.49,14.407
183.625,239.525,14.374
182.662,238.605,14.341
181.705,237.692,14.308
180.636,236.666,14.208
179.59,235.664,14.174
178.673,234.587,14.141
177.516,233.602,14.041
176.503,232.671,13.975
175.524,231.738,13.941
174.558,230.757,13.908
173.498,229.789,13.808
172.458,228.722,13.775
171.473,227.738,13.708
170.474,226.8,13.675
169.499,225.9,13.608
168.526,224.929,13.542
167.544,223.988,13.509
166.576,222.966,13.475
165.604,222.043,13.375
164.562,221.106,13.342
163.642,220.17,13.275
162.73,219.305,13.209
161.584,218.215,13.176
160.44,217.123,13.109
159.49,216.141,13.076
158.543,215.299,12.976
157.723,214.455,12.943
156.766,213.532,12.909
155.765,212.547,12.843
154.861,211.647,12.776
154.007,210.79,12.743
153.095,209.954,12.71
152.192,209.041,12.643
151.335,208.179,12.576
150.519,207.324,12.51
149.608,206.459,12.51
148.719,205.594,12.443
147.718,204.529,12.377
146.641,203.616,12.31
145.755,202.702,12.277
144.772,201.741,12.177
143.816,200.873,12.144
142.959,199.997,12.11
142.079,199.152,12.077
141.193,198.334,12.044
140.346,197.52,11.944
139.484,196.637,11.91
138.666,195.786,11.877
137.837,195.02,11.844
136.885,194.001,11.744
135.887,193.007,11.711
134.949,192.129,11.644
134.073,191.288,11.644
133.265,190.515,11.544
132.221,189.475,11.511
131.428,188.629,11.478
130.598,187.81,11.411
129.838,186.997,11.344
129.072,186.282,11.311
128.291,185.522,11.278
127.39,184.617,11.245
126.572,183.769,11.178
125.8,183.055,11.111
124.898,182.172,11.078
124.068,181.259,11.045
123.216,180.449,11.012
122.462,179.78,10.978
121.734,179.088,10.912
120.951,178.383,10.878
120.266,177.709,10.845
119.577,176.833,10.812
118.71,176.116,10.712
117.895,175.366,10.679
117.124,174.631,10.645
116.358,173.839,10.612
115.622,173.115,10.579
114.761,172.266,10.512
114.039,171.626,10.479
113.401,170.891,10.446
112.682,170.261,10.412
112.015,169.564,10.379
111.31,168.884,10.346
110.562,168.137,10.279
109.85,167.523,10.246
109.206,166.872,10.212
108.516,166.137,10.146
107.767,165.362,10.146
107.026,164.643,10.046
106.231,163.86,10.046
105.574,163.244,10.013
104.931,162.6,9.979
104.297,161.935,9.946
103.688,161.374,9.88
103.014,160.694,9.846
102.341,160.033,9.813
101.695,159.403,9.78
101.087,158.718,9.746
100.345,158.089,9.68
99.545,157.295,9.646
98.873,156.604,9.613
98.147,155.845,9.58
97.294,155.062,9.547
96.653,154.413,9.447
95.934,153.691,9.447
95.147,152.949,9.38
94.514,152.306,9.38
93.828,151.608,9.314
93.266,151.049,9.247
92.574,150.371,9.247
91.897,149.694,9.214
90.733,148.545,9.147
90.079,147.924,9.114
89.486,147.368,9.047
88.867,146.701,9.014
88.241,146.069,9.014
87.641,145.484,8.947
87.005,144.85,8.947
86.379,144.245,8.914
85.776,143.703,8.847
85.23,143.118,8.814
84.63,142.565,8.781
84.095,142.029,8.748
83.524,141.321,8.748
82.845,140.746,8.714
82.311,140.227,8.614
81.753,139.63,8.614
81.178,139.083,8.581
80.641,138.54,8.548
80.016,137.884,8.515
79.418,137.29,8.515
78.863,136.784,8.481
78.363,136.249,8.415
77.759,135.635,8.381
77.26,135.104,8.348
76.72,134.434,8.348
76.063,133.855,8.315
75.546,133.344,8.281
75.064,132.839,8.215
74.54,132.306,8.182
74.026,131.783,8.148
73.457,131.131,8.115
72.934,130.605,8.115
72.405,130.119,8.082
71.927,129.648,8.015
71.379,129.082,8.015
70.891,128.597,7.949
70.386,127.975,7.949
69.804,127.448,7.915
69.312,126.941,7.882
68.835,126.504,7.849
68.296,125.908,7.849
67.803,125.412,7.782
67.296,124.844,7.749
66.717,124.33,7.749
66.247,123.874,7.682
65.757,123.381,7.682
65.277,122.896,7.649
64.787,122.428,7.582
64.326,121.85,7.582
63.804,121.39,7.549
63.32,120.921,7.516
62.856,120.431,7.516
62.316,119.894,7.482
61.812,119.398,7.449
61.363,118.944,7.383
60.919,118.496,7.383
60.485,118.059,7.349
60.065,117.593,7.349
59.608,117.1,7.316
59.166,116.645,7.283
58.755,116.114,7.249
58.257,115.671,7.249
57.759,115.184,7.183
57.328,114.768,7.149
56.912,114.352,7.116
56.503,113.928,7.116
56.116,113.435,7.116
55.599,113.005,7.083
55.18,112.624,7.05
54.75,112.186,7.016
54.313,111.729,7.016
53.881,111.271,6.95
53.416,110.8,6.916
52.899,110.343,6.883
52.545,109.91,6.883
52.137,109.515,6.85
51.721,109.106,6.85
51.284,108.62,6.817
50.774,108.126,6.75
50.378,107.696,6.717
49.99,107.3,6.717
49.584,106.842,6.683
49.129,106.419,6.683
48.704,105.993,6.65
48.26,105.548,6.617
47.781,105.025,6.55
47.391,104.591,6.55
46.974,104.157,6.517
46.604,103.768,6.517
46.223,103.291,6.484
45.779,102.896,6.45
45.386,102.482,6.45
45.025,102.104,6.417
44.619,101.701,6.417
44.227,101.294,6.35
43.856,100.834,6.35
43.393,100.422,6.317
43.053,100.062,6.284
42.72,99.601,6.284
42.265,99.23,6.251
41.904,98.85,6.251
41.571,98.482,6.217
41.237,98.105,6.184
40.911,97.71,6.117
40.532,97.343,6.117
40.18,96.95,6.117
39.831,96.594,6.084
39.458,96.157,6.051
39.064,95.795,6.051
38.65,95.318,6.017
38.269,94.945,6.017
37.903,94.563,5.984
